2001912652 266 1 8 1
2001971890 266 1 8 0
2002002297 266 1 8 1
2002049428 266 1 8 0
2002088654 266 1 8 1
2002126097 266 1 8 0
2002176514 266 1 8 1
2002217662 266 1 8 0
2002258595 266 1 8 1
2002281890 266 1 8 0
2002347070 266 1 8 1
2002402415 266 1 8 0
2002656962 326 1 4 1
2002704656 326 1 4 0
2002759082 326 1 4 1
2002783850 326 1 4 0
2002804385 356 1 4 1
2002906131 356 1 4 0
2002950822 356 1 4 1
2002988807 356 1 4 0
2003035868 356 1 4 1
2003073325 356 1 4 0
2003162632 345 1 1 1
2003164882 356 1 4 1
2003169676 267 1 8 1
2003203580 356 1 4 0
2003221397 345 1 1 0
2003226958 267 1 8 0
2003253819 345 1 1 1
2003258865 267 1 8 1
2003274047 356 1 4 1
2003292844 356 1 4 0
2003310205 345 1 1 0
2003312956 267 1 8 0
2003344110 345 1 1 1
2003345539 267 1 8 1
2003394634 345 1 1 0
2003395153 267 1 8 0
2003429524 345 1 1 1
2003429859 267 1 8 1
2003450240 261 1 8 1
2003460661 260 1 8 1
2003473680 345 1 1 0
2003473858 267 1 8 0
2003508945 260 1 8 0
2003516806 261 1 8 0
2003518467 267 1 8 1
2003518651 345 1 1 1
2003545034 260 1 8 1
2003556778 345 1 1 0
2003557196 267 1 8 0
2003568736 266 1 8 1
2003573110 261 1 8 1
2003576203 256 1 8 1
2003588186 261 1 8 0
2003590915 260 1 8 0
2003595365 266 1 8 0
2003599284 267 1 8 1
2003599302 345 1 1 1
2003628128 260 1 8 1
2003639822 345 1 1 0
2003640180 267 1 8 0
2003678663 260 1 8 0
2003680160 267 1 8 1
2003680448 345 1 1 1
2003711050 260 1 8 1
2003722962 267 1 8 0
2003723741 345 1 1 0
2003736240 256 1 8 0
2003754126 260 1 8 0
2003763788 267 1 8 1
2003764993 345 1 1 1
2003790710 256 1 8 1
2003796550 260 1 8 1
2003804448 267 1 8 0
2003809015 345 1 1 0
2003845901 267 1 8 1
2003846973 256 1 8 0
2003847625 345 1 1 1
2003848244 260 1 8 0
2003871484 260 1 8 1
2003887240 267 1 8 0
2003887398 345 1 1 0
2003898273 256 1 8 1
2003924917 267 1 8 1
2003925856 345 1 1 1
2003927922 260 1 8 0
2003936923 256 1 8 0
2003954274 260 1 8 1
2003964923 267 1 8 0
2003965386 345 1 1 0
2003975678 256 1 8 1
2003999120 260 1 8 0
2004004590 345 1 1 1
2004009012 256 1 8 0
2004025929 260 1 8 1
2004044437 345 1 1 0
2004062001 295 1 5 1
2004090786 345 1 1 1
2004096944 260 1 8 0
2004123322 347 1 3 1
2004126575 260 1 8 1
2004127116 295 1 5 0
2004128489 345 1 1 0
2004151635 345 1 1 1
2004156747 295 1 5 1
2004178497 347 1 3 0
2004228477 256 1 8 1
2004232360 345 1 1 0
2004251132 256 1 8 0
2004256138 260 1 8 0
2004273335 345 1 1 1
2004286310 295 1 5 0
2004307298 260 1 8 1
2004317377 345 1 1 0
2004337521 295 1 5 1
2004351965 345 1 1 1
2004385874 261 1 8 1
2004398850 345 1 1 0
2004417005 261 1 8 0
2004420734 260 1 8 0
2004438324 345 1 1 1
2004450906 295 1 5 0
2004451211 261 1 8 1
2004460906 260 1 8 1
2004491169 295 1 5 1
2004495037 261 1 8 0
2004496421 345 1 1 0
2004517959 252 1 8 1
2004551882 261 1 8 1
2004557204 261 1 8 0
2004563169 347 1 3 1
2004568672 260 1 8 0
2004578984 345 1 1 1
2004596601 260 1 8 1
2004598927 295 1 5 0
2004623950 250 1 8 1
2004626898 295 1 5 1
2004651692 347 1 3 0
2004691120 345 1 1 0
2004723137 345 1 1 1
2004755140 345 1 1 0
2004785600 347 1 3 1
2004793997 287 1 4 1
2004795008 260 1 8 0
2004819069 345 1 1 1
2004819269 347 1 3 0
2004825267 295 1 5 0
2004836650 260 1 8 1
2004854418 252 1 8 0
2004866850 295 1 5 1
2004884673 287 1 4 0
2004894375 265 1 8 1
2004896748 252 1 8 1
2004905963 345 1 1 0
2004927003 287 1 4 1
2004941264 345 1 1 1
2004942227 255 1 8 1
2004944774 252 1 8 0
2004950705 260 1 8 0
2004971527 260 1 8 1
2004975029 287 1 4 0
2004980960 295 1 5 0
2005001793 295 1 5 1
2005017067 252 1 8 1
2005039068 355 1 4 1
2005045874 345 1 1 0
2005047322 287 1 4 1
2005064221 252 1 8 0
2005068919 295 1 3 1
2005084976 347 1 3 1
2005086660 345 1 1 1
2005088538 260 1 8 0
2005095140 287 1 4 0
2005100409 252 1 8 1
2005113687 260 1 8 1
2005118606 347 1 3 0
2005118793 295 1 5 0
2005124799 271 1 8 1
2005129253 287 1 4 1
2005143942 295 1 5 1
2005150521 252 1 8 0
2005159453 271 1 8 0
2005162102 347 1 3 1
2005181108 287 1 4 0
2005190942 252 1 8 1
2005200320 347 1 3 0
2005205571 355 1 3 1
2005206937 256 1 8 1
2005221114 287 1 4 1
2005228593 271 1 8 1
2005237012 252 1 8 0
2005239517 256 1 8 0
2005244390 347 1 3 1
2005255856 271 1 8 0
2005264568 252 1 8 1
2005267350 287 1 4 0
2005281197 347 1 3 0
2005282840 206 0 1 1
2005294740 287 1 4 1
2005299130 256 1 8 1
2005302871 345 1 1 0
2005316518 347 1 3 1
2005319105 271 1 8 1
2005327473 256 1 8 0
2005340276 260 1 8 0
2005344139 345 1 1 1
2005346389 326 1 7 1
2005351019 335 1 4 1
2005351315 347 1 3 0
2005361504 271 1 8 0
2005365166 141 0 1 1
2005368138 251 1 8 1
2005370496 295 1 5 0
2005370619 260 1 8 1
2005380723 140 0 1 1
2005382298 345 1 1 0
2005396318 326 1 7 0
2005400874 295 1 5 1
2005409741 271 1 8 1
2005417447 250 1 8 0
2005422630 295 1 6 1
2005424166 251 1 8 0
2005428746 209 0 1 1
2005435886 326 1 7 1
2005439476 271 1 8 0
2005445073 140 0 1 0
2005454097 345 1 1 1
2005456896 347 1 3 1
2005457579 295 1 3 0
2005458445 251 1 8 1
2005466717 140 0 1 1
2005467911 250 1 8 1
2005473136 326 1 7 0
2005485467 141 0 1 0
2005492073 271 1 8 1
2005497593 295 1 3 1
2005499094 347 1 3 0
2005501210 256 1 8 1
2005502006 140 0 1 0
2005502220 251 1 8 0
2005505590 53 0 1 1
2005518775 326 1 7 1
2005528256 345 1 1 0
2005537319 141 0 1 1
2005540222 271 1 8 0
2005540951 260 1 8 0
2005543074 256 1 8 0
2005561330 347 1 3 1
2005569211 252 1 8 0
2005569489 345 1 1 1
2005572097 295 1 5 0
2005572135 326 1 7 0
2005576588 140 0 1 1
2005577574 250 1 8 0
2005584502 140 0 1 0
2005587660 260 1 8 1
2005589574 271 1 8 1
2005593945 252 1 8 1
2005598580 347 1 3 0
2005599692 250 1 8 1
2005600047 287 1 4 0
2005606822 158 0 1 1
2005608450 295 1 3 0
2005617995 326 1 7 1
2005618012 295 1 5 1
2005620407 141 0 1 0
2005624117 287 1 4 1
2005629864 295 1 3 1
2005630080 252 1 8 0
2005635468 271 1 8 0
2005645199 141 0 1 1
2005652304 347 1 3 1
2005658466 252 1 8 1
2005660335 287 1 4 0
2005666799 326 1 7 0
2005679602 347 1 3 0
2005688638 287 1 4 1
2005693330 345 1 1 0
2005714465 141 0 1 0
2005725736 271 1 8 1
2005729505 250 1 8 0
2005729814 345 1 1 1
2005738257 252 1 8 0
2005748480 326 1 7 1
2005758223 250 1 8 1
2005760341 295 1 3 0
2005761102 141 0 1 1
2005768607 287 1 4 0
2005772537 271 1 8 0
2005776486 53 0 1 0
2005788146 295 1 3 1
2005810439 326 1 7 0
2005811392 252 1 8 1
2005816185 345 1 1 0
2005817135 347 1 3 1
2005825102 53 0 1 1
2005841395 345 1 1 1
2005841516 287 1 4 1
2005858243 141 0 1 0
2005860033 347 1 3 0
2005882950 326 1 7 1
2005894770 252 1 8 0
2005913033 271 1 8 1
2005915926 326 1 7 0
2005925325 287 1 4 0
2005938170 326 1 7 1
2005952393 271 1 8 0
2005977603 347 1 3 1
2005979176 356 1 7 1
2005986613 326 1 7 0
2005997884 252 1 8 1
2006000385 347 1 3 0
2006011147 287 1 4 1
2006015497 345 1 1 0
2006033717 250 1 8 0
2006048411 271 1 8 1
2006055637 265 1 8 0
2006065217 295 1 3 0
2006069736 326 1 7 1
2006076872 271 1 8 0
2006078455 295 1 6 0
2006082215 250 1 8 1
2006090284 53 0 1 0
2006107843 326 1 7 0
2006108265 265 1 8 1
2006112037 295 1 3 1
2006127119 356 1 7 0
2006136314 295 1 6 1
2006152011 326 1 7 1
2006159454 271 1 8 1
2006163805 356 1 7 1
2006164384 250 1 8 0
2006165496 265 1 8 0
2006167073 260 1 8 0
2006179980 345 1 1 1
2006188347 252 1 8 0
2006189301 260 1 8 1
2006195220 295 1 3 0
2006195592 250 1 8 1
2006196364 265 1 8 1
2006197055 295 1 6 0
2006197332 295 1 5 0
2006199519 271 1 8 0
2006219576 295 1 5 1
2006221843 287 1 4 0
2006224195 295 1 3 1
2006226121 295 1 6 1
2006234521 326 1 7 0
2006235304 271 1 8 1
2006240366 252 1 8 1
2006243107 345 1 1 0
2006244149 356 1 7 0
2006259255 326 1 7 1
2006264982 356 1 7 1
2006269402 287 1 4 1
2006273746 271 1 8 0
2006275106 181 0 1 1
2006280110 345 1 1 1
2006280517 252 1 8 0
2006304582 356 1 7 0
2006311052 287 1 4 0
2006312475 53 0 1 1
2006352288 252 1 8 1
2006354392 345 1 1 0
2006359751 347 1 3 1
2006369042 271 1 8 1
2006376355 265 1 8 0
2006377452 287 1 4 1
2006378556 255 1 8 0
2006379611 345 1 1 1
2006379871 356 1 7 1
2006392029 271 1 8 0
2006398640 141 0 1 1
2006401773 265 1 8 1
2006404370 255 1 8 1
2006407842 326 1 7 0
2006407872 295 1 6 0
2006408377 347 1 3 0
2006425684 252 1 8 0
2006431859 295 1 6 1
2006431902 53 0 1 0
2006438703 141 0 1 0
2006443465 356 1 7 0
2006448869 326 1 7 1
2006456820 287 1 4 0
2006460888 347 1 3 1
2006467094 53 0 1 1
2006479656 356 1 7 1
2006491529 252 1 8 1
2006495817 347 1 3 0
2006498896 326 1 7 0
2006515828 251 1 8 1
2006521228 287 1 4 1
2006524969 252 1 8 0
2006529396 58 0 1 1
2006529946 326 1 7 1
2006530227 271 1 8 1
2006552291 347 1 3 1
2006553724 271 1 8 0
2006556144 287 1 4 0
2006557911 347 1 3 0
2006565553 356 1 7 0
2006570504 252 1 8 1
2006573204 345 1 1 0
2006593232 271 1 8 1
2006600201 251 1 8 0
2006600217 287 1 4 1
2006600589 255 1 8 0
2006605899 356 1 7 1
2006627606 251 1 8 1
2006634249 265 1 8 0
2006665341 335 1 4 0
2006675214 295 1 6 0
2006677540 356 1 3 1
2006681941 355 1 4 0
2006686974 265 1 8 1
2006694620 251 1 8 0
2006695304 335 1 4 1
2006695430 158 0 1 0
2006702398 53 0 1 0
2006713799 271 1 8 0
2006717046 295 1 6 1
2006717837 255 1 8 1
2006717845 251 1 8 1
2006726835 58 0 1 0
2006728298 206 0 1 0
2006729251 355 1 4 1
2006735754 158 0 1 1
2006736852 252 1 8 0
2006739080 260 1 8 0
2006741853 271 1 8 1
2006751441 345 1 1 1
2006767758 287 1 4 0
2006769183 347 1 3 1
2006769335 295 1 5 0
2006771035 260 1 8 1
2006775823 256 1 8 1
2006797878 206 0 1 1
2006801290 295 1 5 1
2006801530 347 1 3 0
2006803369 252 1 8 1
2006805763 271 1 8 0
2006820598 345 1 1 0
2006830838 287 1 4 1
2006844486 251 1 8 0
2006848435 295 1 4 1
2006849006 255 1 8 0
2006854697 252 1 8 0
2006861188 345 1 1 1
2006864780 356 1 7 0
2006864788 265 1 8 0
2006865195 347 1 3 1
2006869394 53 0 1 1
2006874252 251 1 8 1
2006882459 326 1 7 0
2006882665 271 1 8 1
2006883949 255 1 8 1
2006885097 287 1 4 0
2006886828 265 1 8 1
2006895599 252 1 8 1
2006896711 295 1 6 0
2006899142 356 1 7 1
2006909901 326 1 7 1
2006913003 271 1 8 0
2006917129 295 1 6 1
2006928952 251 1 8 0
2006943553 356 1 4 1
2006945294 271 1 8 1
2006945511 326 1 7 0
2006965567 251 1 8 1
2006970357 271 1 8 0
2006974336 326 1 7 1
2006981830 210 0 1 1
2006984893 256 1 8 0
2007002205 326 1 7 0
2007010994 347 1 3 0
2007011129 256 1 8 1
2007014367 271 1 8 1
2007034124 251 1 8 0
2007041660 347 1 3 1
2007043283 326 1 7 1
2007044592 271 1 8 0
2007051624 252 1 8 0
2007060335 251 1 8 1
2007071710 252 1 8 1
2007086293 326 1 7 0
2007093384 271 1 8 1
2007104993 214 0 1 1
2007111913 326 1 7 1
2007116432 251 1 8 0
2007131522 271 1 8 0
2007137531 256 1 8 0
2007143035 356 1 3 0
2007155221 257 1 8 1
2007163014 213 0 1 1
2007164004 256 1 8 1
2007170053 214 0 1 0
2007195344 356 1 7 0
2007197455 271 1 8 1
2007200819 347 1 3 0
2007202565 326 1 7 0
2007206509 213 0 1 0
2007207116 336 1 7 1
2007220908 356 1 7 1
2007224363 326 1 7 1
2007250372 306 1 4 1
2007251566 271 1 8 0
2007254792 251 1 8 1
2007264879 356 1 3 1
2007269160 347 1 3 1
2007272309 210 0 1 0
2007277213 271 1 8 1
2007278585 252 1 8 0
2007280277 271 1 8 0
2007281972 251 1 8 0
2007292071 256 1 8 0
2007293683 356 1 7 0
2007293835 210 0 1 1
2007298671 252 1 8 1
2007314679 356 1 3 0
2007317607 256 1 8 1
2007319287 271 1 8 1
2007320346 356 1 4 0
2007345703 356 1 4 1
2007348388 356 1 7 1
2007349416 210 0 1 0
2007374210 326 1 4 1
2007378998 256 1 8 0
2007388319 261 1 8 1
2007399292 267 1 8 1
2007413664 356 1 4 0
2007424490 256 1 8 1
2007427429 287 1 5 1
2007428884 261 1 8 0
2007439969 210 0 1 1
2007453429 356 1 4 1
2007456806 347 1 3 0
2007458435 356 1 3 1
2007467525 210 0 1 0
2007467845 261 1 8 1
2007471694 256 1 8 0
2007485731 347 1 3 1
2007486908 160 0 1 1
2007488275 210 0 1 1
2007489271 271 1 8 0
2007498173 256 1 8 1
2007503150 356 1 4 0
2007510602 261 1 8 0
2007518155 271 1 8 1
2007520263 287 1 4 1
2007520265 251 1 8 1
2007520605 356 1 7 0
2007528133 356 1 4 1
2007529409 251 1 8 0
2007533766 251 1 8 1
2007540832 347 1 3 0
2007541952 251 1 8 0
2007547165 356 1 7 1
2007551582 252 1 8 0
2007557114 256 1 8 0
2007558041 261 1 8 1
2007573286 356 1 3 0
2007574344 287 1 4 0
2007580251 347 1 3 1
2007588207 356 1 4 0
2007591442 266 1 8 1
2007593354 261 1 8 0
2007596137 256 1 8 1
2007599278 271 1 8 0
2007605957 251 1 8 1
2007609570 252 1 8 1
2007612203 266 1 8 0
2007614082 210 0 1 0
2007619268 356 1 3 1
2007625142 356 1 4 1
2007628529 271 1 8 1
2007630610 347 1 3 0
2007633022 251 1 8 0
2007635549 326 1 7 0
2007638567 287 1 4 1
2007653345 210 0 1 1
2007657809 326 1 7 1
2007674236 345 1 1 0
2007679260 326 1 3 1
2007679788 271 1 8 0
2007684500 356 1 3 0
2007686889 140 0 1 1
2007688895 49 0 1 1
2007689760 306 1 7 1
2007705028 271 1 8 1
2007709831 347 1 3 1
2007720079 255 1 8 0
2007729363 210 0 1 0
2007731190 266 1 8 1
2007739852 58 0 1 1
2007740291 355 1 4 0
2007740389 345 1 1 1
2007743447 347 1 3 0
2007744970 256 1 8 0
2007756104 206 0 1 0
2007762962 255 1 8 1
2007773849 345 1 1 0
2007776482 356 1 4 0
2007777219 356 1 3 1
2007781238 210 0 1 1
2007782880 256 1 8 1
2007788431 355 1 4 1
2007796748 260 1 8 0
2007799444 356 1 3 0
2007812603 356 1 4 1
2007824904 271 1 8 0
2007827086 295 1 5 0
2007830367 266 1 8 0
2007838998 58 0 1 0
2007850843 356 1 7 0
2007854996 266 1 8 1
2007861782 347 1 3 1
2007862947 356 1 3 1
2007868111 326 1 7 0
2007868554 141 0 1 1
2007868901 256 1 8 0
2007871455 135 0 1 1
2007871770 260 1 8 1
2007879045 181 0 1 0
2007880165 345 1 1 1
2007887536 356 1 7 1
2007889308 256 1 8 1
2007889525 141 0 1 0
2007890881 356 1 3 0
2007900714 347 1 3 0
2007901447 295 1 5 1
2007912554 326 1 3 0
2007916029 252 1 8 0
2007916098 326 1 7 1
2007916832 271 1 8 1
2007921938 356 1 7 0
2007926770 181 0 1 1
2007927310 86 0 1 1
2007933642 356 1 3 1
2007934236 287 1 4 0
2007938895 271 1 8 0
2007944469 135 0 1 0
2007946755 356 1 7 1
2007948898 326 1 3 1
2007968200 252 1 8 1
2007973938 141 0 1 1
2007974138 326 1 3 0
2007975760 135 0 1 1
2007975937 347 1 3 1
2007980030 336 1 7 0
2007993010 213 0 1 1
2007996154 287 1 4 1
2008005200 306 1 7 0
2008005970 135 0 1 0
2008011945 160 0 1 0
2008022775 336 1 7 1
2008023827 256 1 8 0
2008029811 86 0 1 0
2008034332 356 1 4 0
2008058283 213 0 1 0
2008059810 206 0 1 1
2008063622 326 1 3 1
2008070035 160 0 1 1
2008078506 356 1 7 0
2008082596 256 1 8 1
2008082895 135 0 1 1
2008088809 306 1 4 0
2008088939 326 1 3 0
2008089108 347 1 3 0
2008099653 356 1 4 1
2008109310 306 1 4 1
2008110728 135 0 1 0
2008123492 356 1 7 1
2008126225 356 1 3 0
2008126556 347 1 3 1
2008130197 189 0 1 1
2008130626 193 0 1 1
2008132245 256 1 8 0
2008132680 326 1 3 1
2008133418 345 1 1 0
2008137690 326 1 7 0
2008151707 250 1 8 0
2008153741 210 0 1 0
2008157608 345 1 1 1
2008161200 347 1 3 0
2008162850 256 1 8 1
2008164322 356 1 3 1
2008168756 193 0 1 0
2008169376 189 0 1 0
2008171374 306 1 4 0
2008173197 266 1 8 0
2008175527 326 1 3 0
2008179913 141 0 1 0
2008180525 356 1 6 1
2008184873 250 1 8 1
2008186557 347 1 3 1
2008187237 256 1 8 0
2008192253 210 0 1 1
2008192539 306 1 4 1
2008200320 326 1 4 0
2008206397 189 0 1 1
2008207105 193 0 1 1
2008208054 256 1 8 1
2008208079 266 1 8 1
2008209295 356 1 6 0
2008216979 213 0 1 1
2008218186 326 1 7 1
2008219889 347 1 3 0
2008224946 140 0 1 0
2008227761 326 1 4 1
2008229790 271 1 8 1
2008229962 356 1 6 1
2008231054 252 1 8 0
2008238199 256 1 8 0
2008250341 189 0 1 0
2008250424 193 0 1 0
2008253956 347 1 3 1
2008258081 326 1 3 1
2008258281 287 1 4 0
2008261108 306 1 4 0
2008264446 356 1 3 0
2008271265 266 1 8 0
2008272836 252 1 8 1
2008283879 271 1 8 0
2008290101 189 0 1 1
2008290585 193 0 1 1
2008295976 326 1 4 0
2008299698 287 1 4 1
2008303582 210 0 1 0
2008307313 336 1 7 0
2008308916 306 1 4 1
2008317480 266 1 8 1
2008323633 271 1 8 1
2008329437 256 1 8 1
2008332299 326 1 4 1
2008334580 160 0 1 0
2008338493 266 1 8 0
2008339821 189 0 1 0
2008340944 193 0 1 0
2008348287 326 1 6 1
2008351386 336 1 7 1
2008353449 305 1 5 1
2008360740 336 1 6 1
2008362704 256 1 8 0
2008374886 256 1 6 1
2008378861 356 1 6 0
2008379976 306 1 4 0
2008383980 189 0 1 1
2008384893 193 0 1 1
2008398409 213 0 1 0
2008409979 256 1 6 0
2008410442 160 0 1 1
2008413876 271 1 8 0
2008416182 326 1 4 0
2008417251 306 1 4 1
2008421979 193 0 1 0
2008423287 189 0 1 0
2008424471 213 0 1 1
2008435380 347 1 3 0
2008445337 336 1 7 0
2008447783 356 1 6 1
2008448602 266 1 8 1
2008449590 326 1 7 0
2008452708 210 0 1 1
2008452972 271 1 8 1
2008458350 356 1 3 1
2008460486 326 1 4 1
2008464163 306 1 4 0
2008464209 189 0 1 1
2008464338 193 0 1 1
2008467357 213 0 1 0
2008470197 160 0 1 0
2008470738 256 1 6 1
2008474553 336 1 7 1
2008476124 326 1 7 1
2008480627 257 1 8 0
2008483097 58 0 1 1
2008489319 213 0 1 1
2008492266 271 1 8 0
2008492954 326 1 3 0
2008494391 306 1 4 1
2008495163 326 1 4 0
2008504682 256 1 6 0
2008506271 256 1 8 1
2008507455 189 0 1 0
2008508641 193 0 1 0
2008511546 287 1 5 0
2008513772 160 0 1 1
2008518331 266 1 8 0
2008523400 326 1 4 1
2008523559 167 0 1 1
2008530966 326 1 6 0
2008531171 347 1 3 1
2008533606 356 1 6 0
2008535260 271 1 8 1
2008540494 336 1 7 0
2008544208 49 0 1 0
2008546387 256 1 8 0
2008547298 189 0 1 1
2008547903 193 0 1 1
2008552647 266 1 8 1
2008556832 347 1 3 0
2008559481 326 1 6 1
2008560876 257 1 8 1
2008561868 160 0 1 0
2008565311 336 1 7 1
2008567101 256 1 6 1
2008574035 306 1 4 0
2008581248 189 0 1 0
2008582766 193 0 1 0
2008587612 356 1 6 1
2008590811 287 1 5 1
2008591940 271 1 8 0
2008599551 256 1 6 0
2008602345 82 0 1 1
2008602749 257 1 8 0
2008605223 251 1 8 1
2008605405 252 1 8 0
2008607811 326 1 3 1
2008620694 160 0 1 1
2008622859 336 1 7 0
2008624824 49 0 1 1
2008626303 193 0 1 1
2008627399 189 0 1 1
2008630263 287 1 4 0
2008630742 306 1 4 1
2008630802 326 1 4 0
2008632124 252 1 8 1
2008633004 287 1 5 0
2008636265 160 0 1 0
2008637427 251 1 8 0
2008643461 267 1 8 0
2008655475 256 1 6 1
2008657965 347 1 3 1
2008660300 266 1 8 0
2008661472 257 1 8 1
2008662301 287 1 4 1
2008662678 49 0 1 0
2008664625 189 0 1 0
2008665939 193 0 1 0
2008671715 267 1 8 1
2008672703 326 1 3 0
2008680275 356 1 6 0
2008684503 266 1 8 1
2008684780 271 1 8 1
2008685623 347 1 3 0
2008689960 326 1 4 1
2008690514 141 0 1 1
2008691602 287 1 5 1
2008694646 326 1 7 0
2008700215 336 1 7 1
2008703384 256 1 6 0
2008704551 189 0 1 1
2008707729 356 1 3 0
2008710327 141 0 1 0
2008711558 271 1 8 0
2008712147 356 1 6 1
2008714653 326 1 7 1
2008718363 326 1 3 1
2008722247 257 1 8 0
2008727829 326 1 4 0
2008731000 356 1 7 0
2008733094 356 1 4 0
2008734926 347 1 3 1
2008741387 210 0 1 0
2008742921 326 1 3 0
2008743683 267 1 8 0
2008746654 251 1 8 1
2008746730 213 0 1 0
2008748307 271 1 8 1
2008752323 141 0 1 1
2008752474 189 0 1 0
2008752502 287 1 5 0
2008755205 356 1 3 1
2008755613 257 1 8 1
2008756128 49 0 1 1
2008756645 347 1 3 0
2008756799 326 1 4 1
2008758721 193 0 1 1
2008762623 356 1 7 1
2008764374 267 1 8 1
2008767964 256 1 6 1
2008774535 251 1 8 0
2008777694 49 0 1 0
2008780863 271 1 8 0
2008782103 256 1 8 1
2008783717 210 0 1 1
2008785782 193 0 1 0
2008785868 287 1 5 1
2008803338 267 1 8 0
2008805846 189 0 1 1
2008811533 356 1 7 0
2008811707 347 1 3 1
2008812450 356 1 4 1
2008815434 256 1 6 0
2008818775 49 0 1 1
2008828707 193 0 1 1
2008841788 266 1 8 0
2008842544 267 1 8 1
2008844546 347 1 3 0
2008846897 256 1 8 0
2008850171 189 0 1 0
2008855908 193 0 1 0
2008867890 256 1 6 1
2008870443 356 1 3 0
2008874303 267 1 8 0
2008882278 356 1 4 0
2008885924 256 1 8 1
2008891282 356 1 7 1
2008891684 251 1 8 1
2008892006 189 0 1 1
2008897577 336 1 3 1
2008903491 266 1 8 1
2008908433 210 0 1 0
2008915395 356 1 4 1
2008916362 256 1 6 0
2008917988 266 1 8 0
2008919200 251 1 8 0
2008920010 356 1 3 1
2008926374 256 1 8 0
2008930438 189 0 1 0
2008933428 356 1 6 0
2008938478 347 1 3 1
2008939859 326 1 7 0
2008941662 210 0 1 1
2008949704 356 1 3 0
2008958562 267 1 8 1
2008960490 160 0 1 1
2008960707 356 1 4 0
2008967583 347 1 3 0
2008969604 251 1 8 1
2008970006 256 1 8 1
2008977584 356 1 6 1
2008978280 256 1 6 1
2008982648 189 0 1 1
2008986716 356 1 7 0
2008987761 210 0 1 0
2008988725 141 0 1 0
2008990746 326 1 7 1
2008990789 356 1 3 1
2008994775 267 1 8 0
2008996470 326 1 6 0
2009003618 356 1 4 1
2009005532 347 1 3 1
2009007308 252 1 8 0
2009007373 251 1 8 0
2009016416 356 1 6 0
2009021459 210 0 1 1
2009026725 189 0 1 0
2009027834 336 1 3 0
2009028329 256 1 6 0
2009030843 267 1 8 1
2009032154 189 0 1 1
2009034944 252 1 8 1
2009035936 326 1 6 1
2009037057 271 1 8 1
2009038123 287 1 4 0
2009039863 326 1 7 0
2009046617 189 0 1 0
2009046869 336 1 6 0
2009047510 189 0 1 1
2009048794 356 1 6 1
2009049789 160 0 1 0
2009050908 356 1 3 0
2009056408 189 0 1 0
2009061232 347 1 3 0
2009061781 336 1 3 1
2009065098 287 1 4 1
2009067446 326 1 7 1
2009083100 271 1 8 0
2009083965 193 0 1 1
2009088550 210 0 1 0
2009090097 336 1 6 1
2009090582 356 1 3 1
2009091219 167 0 1 0
2009091238 252 1 8 0
2009091741 256 1 6 1
2009100565 213 0 1 1
2009109586 326 1 6 0
2009111409 256 1 8 0
2009114012 271 1 8 1
2009114216 326 1 7 0
2009114930 347 1 3 1
2009116381 193 0 1 0
2009117198 167 0 1 1
2009117600 210 0 1 1
2009125442 356 1 3 0
2009129835 189 0 1 1
2009130331 336 1 6 0
2009134423 266 1 8 1
2009136868 326 1 7 1
2009138515 287 1 4 0
2009140350 252 1 8 1
2009141419 356 1 4 0
2009144875 326 1 6 1
2009147185 256 1 6 0
2009150256 189 0 1 0
2009152695 336 1 3 0
2009158021 210 0 1 0
2009158302 336 1 6 1
2009158661 271 1 8 0
2009159586 347 1 3 0
2009167211 251 1 8 1
2009169864 213 0 1 0
2009172570 266 1 8 0
2009174218 345 1 1 0
2009176803 287 1 4 1
2009181218 356 1 3 1
2009185801 336 1 3 1
2009186666 305 1 3 1
2009195159 256 1 6 1
2009196155 251 1 6 1
2009198440 306 1 4 0
2009202366 251 1 8 0
2009204820 181 0 1 0
2009205288 336 1 7 0
2009211888 210 0 1 1
2009212553 356 1 6 0
2009220474 251 1 6 0
2009222810 256 1 8 1
2009223622 356 1 4 1
2009229281 336 1 6 0
2009232538 336 1 3 0
2009238087 266 1 8 1
2009240612 167 0 1 0
2009242829 347 1 3 1
2009244923 356 1 6 1
2009248057 326 1 6 0
2009248592 260 1 8 0
2009251931 256 1 6 0
2009256007 336 1 6 1
2009259497 306 1 4 1
2009260970 256 1 8 0
2009261728 336 1 7 1
2009265379 251 1 6 1
2009266038 347 1 3 0
2009268064 326 1 6 1
2009268133 251 1 8 1
2009278330 266 1 8 0
2009283750 326 1 4 0
2009289159 260 1 8 1
2009290399 250 1 8 0
2009296151 251 1 6 0
2009303111 251 1 8 0
2009305098 347 1 3 1
2009307291 167 0 1 1
2009317364 306 1 4 0
2009317985 256 1 8 1
2009321733 305 1 3 0
2009323485 266 1 8 1
2009327818 326 1 4 1
2009329188 336 1 6 0
2009329718 213 0 1 1
2009334905 347 1 3 0
2009344021 250 1 8 1
2009346799 305 1 3 1
2009347094 306 1 4 1
2009349400 167 0 1 0
2009349781 266 1 8 0
2009351681 336 1 6 1
2009353028 355 1 3 0
2009353609 295 1 3 0
2009357569 256 1 8 0
2009358762 326 1 7 0
2009365862 326 1 6 0
2009373778 355 1 3 1
2009373944 295 1 3 1
2009383453 209 0 1 0
2009384622 347 1 3 1
2009392427 271 1 8 1
2009396936 336 1 6 0
2009403180 326 1 6 1
2009404269 326 1 4 0
2009404822 209 0 1 1
2009405461 347 1 3 0
2009419864 250 1 8 0
2009422827 56 0 1 1
2009423923 306 1 4 0
2009423944 266 1 8 1
2009427206 326 1 7 1
2009436527 336 1 6 1
2009453336 265 1 8 0
2009453705 266 1 8 0
2009456472 347 1 3 1
2009456889 271 1 8 0
2009459268 160 0 1 1
2009459769 345 1 1 1
2009465640 355 1 3 0
2009467589 250 1 8 1
2009477457 347 1 3 0
2009478462 326 1 6 0
2009481660 265 1 8 1
2009482221 306 1 4 1
2009482947 209 0 1 0
2009487390 295 1 6 0
2009492698 355 1 3 1
2009497419 356 1 3 0
2009501843 336 1 6 0
2009507283 336 1 7 0
2009507650 251 1 8 1
2009511709 295 1 6 1
2009515273 306 1 4 0
2009517562 326 1 6 1
2009519192 271 1 8 1
2009527767 251 1 8 0
2009529728 160 0 1 0
2009530740 326 1 3 1
2009532777 356 1 3 1
2009533625 251 1 6 1
2009536729 210 0 1 0
2009536810 256 1 8 1
2009539501 252 1 8 0
2009541438 336 1 6 1
2009551348 336 1 7 1
2009551478 266 1 8 1
2009551769 287 1 4 0
2009558005 271 1 8 0
2009559720 210 0 1 1
2009561275 326 1 6 0
2009562457 256 1 8 0
2009562556 209 0 1 1
2009566438 251 1 6 0
2009581559 326 1 6 1
2009582901 326 1 7 0
2009604037 336 1 7 0
2009604841 252 1 8 1
2009605778 266 1 8 0
2009623345 326 1 7 1
2009624773 271 1 8 1
2009632284 336 1 6 0
2009634948 266 1 8 1
2009637403 336 1 7 1
2009643146 356 1 3 0
2009649826 271 1 8 0
2009664571 336 1 6 1
2009673493 266 1 8 0
2009679457 271 1 8 1
2009680911 336 1 7 0
2009691005 210 0 1 0
2009700326 356 1 6 0
2009708384 336 1 7 1
2009711246 345 1 1 0
2009714236 266 1 8 1
2009726980 326 1 3 0
2009729654 252 1 8 0
2009734659 271 1 8 0
2009735493 210 0 1 1
2009736474 213 0 1 0
2009743984 356 1 6 1
2009747792 356 1 4 0
2009747975 265 1 8 0
2009751291 345 1 1 1
2009752049 266 1 8 0
2009753719 257 1 8 0
2009754909 356 1 3 1
2009759102 210 0 1 0
2009759192 326 1 3 1
2009765495 336 1 7 0
2009775744 271 1 8 1
2009776658 252 1 8 1
2009776894 256 1 8 1
2009779095 295 1 6 0
2009781932 265 1 8 1
2009784057 287 1 5 0
2009784832 210 0 1 1
2009789492 356 1 6 0
2009805252 336 1 7 1
2009805615 266 1 8 1
2009806976 251 1 8 1
2009808087 49 0 1 0
2009808095 326 1 6 0
2009821364 356 1 6 1
2009822185 256 1 8 0
2009832540 251 1 8 0
2009833395 326 1 6 1
2009851667 266 1 8 0
2009857317 356 1 3 0
2009858147 256 1 8 1
2009867586 181 0 1 1
2009867649 251 1 8 1
2009870703 271 1 8 0
2009880100 252 1 8 0
2009885829 210 0 1 0
2009888491 256 1 8 0
2009890766 356 1 3 1
2009895034 356 1 6 0
2009898259 271 1 8 1
2009901705 336 1 7 0
2009904947 266 1 8 1
2009905360 252 1 8 1
2009916170 257 1 8 1
2009928348 336 1 7 1
2009932890 251 1 8 0
2009934791 356 1 6 1
2009937588 287 1 5 1
2009938642 267 1 8 0
2009948554 266 1 8 0
2009953831 257 1 8 0
2009955655 271 1 8 0
2009957630 256 1 8 1
2009975197 356 1 3 0
2009980051 251 1 8 1
2009984086 287 1 5 0
2009984231 356 1 6 0
2009987601 271 1 8 1
2009990575 326 1 7 0
2010000892 257 1 8 1
2010007542 256 1 8 0
2010009891 356 1 3 1
2010013002 326 1 7 1
2010021354 251 1 8 0
2010028488 326 1 6 0
2010031147 287 1 5 1
2010038687 356 1 6 1
2010049239 266 1 8 1
2010067941 356 1 3 0
2010068777 326 1 6 1
2010072448 256 1 8 1
2010086782 326 1 3 0
2010101430 251 1 8 1
2010103531 266 1 8 0
2010104544 356 1 3 1
2010105247 271 1 8 0
2010114721 256 1 8 0
2010127269 251 1 8 0
2010133513 356 1 6 0
2010153871 266 1 8 1
2010163832 252 1 8 0
2010164389 356 1 6 1
2010166251 271 1 8 1
2010166732 251 1 8 1
2010182673 160 0 1 1
2010186748 267 1 8 1
2010196254 266 1 8 0
2010198691 251 1 8 0
2010207475 336 1 6 0
2010231119 347 1 3 1
2010232594 252 1 8 1
2010240187 345 1 1 0
2010242899 326 1 6 0
2010245625 271 1 8 0
2010246997 251 1 8 1
2010253291 336 1 6 1
2010253352 181 0 1 0
2010262194 347 1 3 0
2010273936 266 1 8 1
2010286476 251 1 8 0
2010287465 326 1 6 1
2010287789 271 1 8 1
2010301081 250 1 8 0
2010310652 347 1 3 1
2010319166 271 1 8 0
2010323700 295 1 3 0
2010324307 345 1 1 1
2010326451 260 1 8 0
2010330459 250 1 8 1
2010332597 265 1 8 0
2010340802 347 1 3 0
2010341102 295 1 5 0
2010342589 326 1 7 0
2010345821 53 0 1 0
2010349608 260 1 8 1
2010350011 295 1 3 1
2010351105 58 0 1 0
2010352092 266 1 8 0
2010352604 265 1 8 1
2010357615 56 0 1 0
2010360422 181 0 1 1
2010367298 336 1 6 0
2010369691 345 1 1 0
2010370874 49 0 1 1
2010379860 295 1 5 1
2010383322 251 1 8 1
2010384852 271 1 8 1
2010389139 53 0 1 1
2010395768 347 1 3 1
2010396016 336 1 6 1
2010398653 356 1 6 0
2010399887 181 0 1 0
2010406495 56 0 1 1
2010408899 58 0 1 1
2010409159 266 1 8 1
2010409576 271 1 8 0
2010414095 326 1 7 1
2010414708 251 1 8 0
2010428948 356 1 6 1
2010436168 347 1 3 0
2010437012 265 1 8 0
2010442915 356 1 3 0
2010443371 345 1 1 1
2010448284 326 1 7 0
2010465943 266 1 8 0
2010466555 345 1 1 0
2010468940 265 1 8 1
2010481239 255 1 8 0
2010488051 326 1 7 1
2010490752 336 1 6 0
2010495982 266 1 8 1
2010503962 336 1 7 0
2010506716 252 1 8 0
2010512856 345 1 1 1
2010515403 336 1 6 1
2010516206 160 0 1 0
2010516225 355 1 4 0
2010520818 181 0 1 1
2010523175 266 1 8 0
2010534027 255 1 8 1
2010537682 206 0 1 0
2010538641 326 1 6 0
2010544355 347 1 3 1
2010558221 251 1 8 1
2010559514 326 1 6 1
2010561320 336 1 6 0
2010562124 355 1 4 1
2010567485 266 1 8 1
2010572187 356 1 3 1
2010573148 347 1 3 0
2010573380 252 1 8 1
2010579824 336 1 7 1
2010584145 336 1 6 1
2010588085 251 1 8 0
2010590402 266 1 8 0
2010607953 326 1 6 0
2010608087 326 1 7 0
2010618520 210 0 1 1
2010618593 271 1 8 1
2010625059 213 0 1 1
2010625829 347 1 3 1
2010627997 356 1 3 0
2010630369 345 1 1 0
2010639574 251 1 8 1
2010644484 326 1 6 1
2010646012 336 1 6 0
2010649156 326 1 7 1
2010651000 265 1 8 0
2010651282 345 1 1 1
2010652728 252 1 8 0
2010660327 210 0 1 0
2010660616 356 1 3 1
2010664360 347 1 3 0
2010673233 252 1 8 1
2010676425 271 1 8 0
2010681933 251 1 8 0
2010685520 336 1 6 1
2010687917 326 1 6 0
2010690011 210 0 1 1
2010691443 266 1 8 1
2010693859 265 1 8 1
2010696212 206 0 1 1
2010707909 326 1 7 0
2010715107 326 1 6 1
2010718270 252 1 8 0
2010718832 271 1 8 1
2010729085 356 1 3 0
2010738628 326 1 7 1
2010739832 251 1 8 1
2010749146 257 1 8 0
2010749594 271 1 8 0
2010750119 252 1 8 1
2010762846 266 1 8 0
2010770158 356 1 3 1
2010772849 336 1 7 0
2010777387 251 1 8 0
2010780864 287 1 5 0
2010796965 336 1 6 0
2010804396 49 0 1 0
2010810210 266 1 8 1
2010813601 356 1 3 0
2010818665 336 1 7 1
2010824607 271 1 8 1
2010826482 326 1 7 0
2010831406 210 0 1 0
2010836740 336 1 6 1
2010844281 266 1 8 0
2010851501 326 1 7 1
2010861961 326 1 6 0
2010877638 252 1 8 0
2010886731 257 1 8 1
2010890298 356 1 3 1
2010890962 326 1 6 1
2010891385 336 1 6 0
2010893424 271 1 8 0
2010898729 266 1 8 1
2010904649 252 1 8 1
2010916130 287 1 5 1
2010916186 267 1 8 0
2010920265 356 1 3 0
2010921910 257 1 8 0
2010923506 336 1 6 1
2010928468 347 1 3 1
2010935411 251 1 8 1
2010937547 266 1 8 0
2010938093 336 1 7 0
2010938147 271 1 8 1
2010952082 287 1 5 0
2010952413 267 1 8 1
2010952952 257 1 8 1
2010957882 49 0 1 1
2010960135 356 1 6 0
2010963342 356 1 3 1
2010967558 336 1 7 1
2010970481 271 1 8 0
2010978023 213 0 1 0
2010980345 49 0 1 0
2010980523 347 1 3 0
2010983124 287 1 5 1
2010992227 251 1 8 0
2011004759 336 1 7 0
2011014691 49 0 1 1
2011018561 347 1 3 1
2011024542 356 1 3 0
2011026963 267 1 8 0
2011038321 356 1 6 1
2011039659 326 1 6 0
2011043319 271 1 8 1
2011047469 347 1 3 0
2011048078 267 1 8 1
2011049565 251 1 8 1
2011058528 257 1 8 0
2011065303 326 1 6 1
2011069748 336 1 7 1
2011071412 356 1 6 0
2011077911 356 1 3 1
2011085941 267 1 8 0
2011088700 287 1 5 0
2011089155 257 1 8 1
2011103275 251 1 8 0
2011110967 271 1 8 0
2011114395 347 1 3 1
2011115390 49 0 1 0
2011119410 287 1 5 1
2011135771 356 1 3 0
2011145538 336 1 7 0
2011147628 267 1 8 1
2011152743 251 1 8 1
2011166455 356 1 6 1
2011166987 326 1 6 0
2011171442 326 1 7 0
2011171475 347 1 3 0
2011178433 356 1 3 1
2011180647 336 1 7 1
2011193824 251 1 8 0
2011199991 267 1 8 0
2011205457 347 1 3 1
2011206821 326 1 6 1
2011207125 356 1 6 0
2011213263 271 1 8 1
2011214078 326 1 7 1
2011229213 356 1 3 0
2011237053 267 1 8 1
2011237788 336 1 6 0
2011237835 356 1 6 1
2011256342 347 1 3 0
2011258137 251 1 8 1
2011263322 271 1 8 0
2011282997 356 1 3 1
2011284185 336 1 6 1
2011284684 326 1 6 0
2011285020 267 1 8 0
2011292029 326 1 7 0
2011293949 251 1 8 0
2011294163 347 1 3 1
2011318794 49 0 1 1
2011325717 266 1 8 1
2011326030 356 1 3 0
2011326109 267 1 8 1
2011327550 326 1 6 1
2011328608 336 1 6 0
2011334926 347 1 3 0
2011355832 336 1 6 1
2011365430 267 1 8 0
2011384769 252 1 8 0
2011386776 347 1 3 1
2011387119 266 1 8 0
2011390291 267 1 8 1
2011401492 271 1 8 1
2011403551 326 1 7 1
2011407243 347 1 3 0
2011410084 336 1 7 0
2011415979 252 1 8 1
2011416650 266 1 8 1
2011419253 356 1 6 0
2011426637 271 1 8 0
2011432162 336 1 7 1
2011438079 252 1 8 0
2011440615 251 1 8 1
2011441403 266 1 8 0
2011446726 356 1 6 1
2011457556 336 1 7 0
2011466780 345 1 1 0
2011473369 336 1 6 0
2011473662 252 1 8 1
2011477018 271 1 8 1
2011489490 255 1 8 0
2011499846 336 1 6 1
2011500062 326 1 6 0
2011506360 336 1 7 1
2011507144 271 1 8 0
2011507515 266 1 8 1
2011520726 326 1 6 1
2011520824 355 1 4 0
2011522671 251 1 8 0
2011528498 266 1 8 0
2011529886 271 1 8 1
2011535973 206 0 1 0
2011541825 336 1 6 0
2011545515 255 1 8 1
2011563445 260 1 8 0
2011563830 326 1 6 0
2011564650 336 1 6 1
2011573384 251 1 8 1
2011574201 355 1 4 1
2011580130 271 1 8 0
2011593919 295 1 5 0
2011596645 326 1 7 0
2011599305 260 1 8 1
2011601478 336 1 6 0
2011602943 326 1 6 1
2011606646 265 1 8 0
2011612402 255 1 8 0
2011624310 58 0 1 0
2011624711 252 1 8 0
2011626204 271 1 8 1
2011627522 266 1 8 1
2011628741 251 1 8 0
2011629662 295 1 5 1
2011633430 326 1 6 0
2011639786 345 1 1 1
2011641318 336 1 6 1
2011642831 347 1 3 1
2011643562 355 1 4 0
2011645546 265 1 8 1
2011649341 266 1 8 0
2011649578 255 1 8 1
2011657050 271 1 8 0
2011659917 58 0 1 1
2011664868 347 1 3 0
2011669494 251 1 8 1
2011679335 355 1 4 1
2011690469 336 1 6 0
2011694818 336 1 7 0
2011696564 266 1 8 1
2011727321 336 1 6 1
2011744830 251 1 8 0
2011751092 336 1 7 1
2011754121 266 1 8 0
2011775907 336 1 7 0
2011785243 271 1 8 1
2011801953 266 1 8 1
2011812842 336 1 7 1
2011824750 266 1 8 0
2011830569 271 1 8 0
2011835998 336 1 6 0
2011848575 206 0 1 1
2011859453 271 1 8 1
2011862318 336 1 7 0
2011865927 251 1 8 1
2011866859 266 1 8 1
2011868898 356 1 6 0
2011872763 257 1 8 0
2011874427 336 1 6 1
2011880386 266 1 8 0
2011889044 336 1 7 1
2011903018 287 1 5 0
2011913602 49 0 1 0
2011938356 271 1 8 0
2011952728 356 1 6 1
2011966038 336 1 7 0
2011972884 271 1 8 1
2011979654 251 1 8 0
2011988082 356 1 6 0
2011994981 347 1 3 1
2012004894 257 1 8 1
2012014540 271 1 8 0
2012026632 251 1 8 1
2012035071 287 1 5 1
2012037393 81 0 1 1
2012041117 347 1 3 0
2012077923 49 0 1 1
2012081191 347 1 3 1
2012085607 356 1 6 1
2012089049 251 1 8 0
2012123363 356 1 6 0
2012130134 251 1 8 1
2012136424 347 1 3 0
2012146824 257 1 8 0
2012155318 356 1 6 1
2012155386 336 1 6 0
2012158217 267 1 8 0
2012159585 251 1 8 0
2012161073 347 1 3 1
2012177079 287 1 5 0
2012178862 257 1 8 1
2012186314 267 1 8 1
2012195237 271 1 8 1
2012205674 49 0 1 0
2012206182 336 1 6 1
2012209200 287 1 5 1
2012227119 271 1 8 0
2012240520 49 0 1 1
2012243955 336 1 6 0
2012260949 347 1 3 0
2012271214 356 1 6 0
2012272590 336 1 6 1
2012293464 251 1 8 1
2012295664 271 1 8 1
2012301094 356 1 6 1
2012301937 336 1 6 0
2012307207 257 1 8 0
2012319571 267 1 8 0
2012326821 266 1 8 1
2012337462 287 1 5 0
2012337627 336 1 6 1
2012338546 271 1 8 0
2012338747 257 1 8 1
2012366140 49 0 1 0
2012369002 287 1 5 1
2012379571 266 1 8 0
2012396436 336 1 6 0
2012399226 271 1 8 1
2012401964 347 1 3 1
2012428970 49 0 1 1
2012432177 251 1 8 0
2012442298 271 1 8 0
2012443643 266 1 8 1
2012452001 267 1 8 1
2012482430 266 1 8 0
2012482807 251 1 8 1
2012483696 347 1 3 0
2012512490 271 1 8 1
2012512789 267 1 8 0
2012524041 347 1 3 1
2012537078 251 1 8 0
2012544616 266 1 8 1
2012555365 271 1 8 0
2012555839 267 1 8 1
2012579483 347 1 3 0
2012604877 347 1 3 1
2012613509 266 1 8 0
2012625119 271 1 8 1
2012685494 271 1 8 0
2012686846 347 1 3 0
2012699626 356 1 6 0
2012699816 266 1 8 1
2012731745 266 1 8 0
2012736078 345 1 1 0
2012737142 356 1 6 1
2012764764 356 1 6 0
2012774052 255 1 8 0
2012776754 271 1 8 1
2012790135 335 1 4 0
2012810264 158 0 1 0
2012812917 255 1 8 1
2012821219 271 1 8 0
2012822325 260 1 8 0
2012832242 266 1 8 1
2012843105 335 1 4 1
2012849673 356 1 6 1
2012860270 295 1 5 0
2012861444 266 1 8 0
2012881165 158 0 1 1
2012887138 58 0 1 0
2012893328 181 0 1 0
2012894440 356 1 6 0
2012894856 255 1 8 0
2012902517 260 1 8 1
2012912482 250 1 8 0
2012925028 335 1 4 0
2012931127 345 1 1 1
2012931947 355 1 3 0
2012932732 295 1 5 1
2012936156 255 1 8 1
2012948590 209 0 1 0
2012953963 158 0 1 0
2012955228 345 1 1 0
2012958566 250 1 8 1
2012966370 335 1 4 1
2012974700 355 1 3 1
2012989507 345 1 1 1
2012996281 356 1 6 1
2013006689 158 0 1 1
2013013429 181 0 1 1
2013026282 255 1 8 0
2013056454 335 1 4 0
2013059067 255 1 8 1
2013077353 209 0 1 1
2013077911 158 0 1 0
2013087528 356 1 6 0
2013089239 335 1 4 1
2013148173 257 1 8 0
2013173997 158 0 1 1
2013178428 287 1 5 0
2013187801 255 1 8 0
2013192332 49 0 1 0
2013217973 335 1 4 0
2013218096 255 1 8 1
2013232209 158 0 1 0
2013248268 335 1 4 1
2013281139 58 0 1 1
2013284616 267 1 8 0
2013341268 255 1 8 0
2013354308 257 1 8 1
2013371440 335 1 4 0
2013373970 255 1 8 1
2013384600 287 1 5 1
2013404142 335 1 4 1
2013476724 255 1 8 0
2013486255 158 0 1 1
2013509426 255 1 8 1
2013513989 295 1 4 0
2013539762 53 0 1 0
2013539968 295 1 4 1
2013540752 345 1 1 0
2013554905 260 1 8 0
2013571388 181 0 1 0
2013573543 53 0 1 1
2013585081 295 1 5 0
2013588511 260 1 8 1
2013597624 250 1 8 0
2013598487 58 0 1 0
2013618779 295 1 5 1
2013630950 355 1 3 0
2013647759 209 0 1 0
2013658691 250 1 8 1
2013681035 250 1 8 0
2013684817 355 1 3 1
2013712784 355 1 3 0
2013723989 305 1 3 0
2013724007 250 1 8 1
2013725240 265 1 8 0
2013735992 81 0 1 0
2013744739 305 1 3 1
2013747894 257 1 8 0
2013752964 355 1 3 1
2013758696 265 1 8 1
2013771228 58 0 1 1
2013778149 287 1 5 0
2013827016 265 1 8 0
2013862959 265 1 8 1
2013896833 345 1 1 1
2013899657 250 1 8 0
2013925439 250 1 8 1
2013926348 81 0 1 1
2013929876 209 0 1 1
2013931406 355 1 3 0
2013947385 209 0 1 0
2013953319 257 1 8 1
2013955559 355 1 3 1
2013983574 287 1 5 1
2013988926 257 1 8 0
2014019181 287 1 5 0
2014019844 209 0 1 1
2014021877 257 1 8 1
2014037022 270 1 8 1
2014085331 345 1 1 0
2014138157 260 1 8 0
2014161601 260 1 8 1
2014164828 265 1 8 0
2014169361 295 1 5 0
2014182330 58 0 1 0
2014191915 295 1 5 1
2014197454 255 1 8 0
2014203442 265 1 8 1
2014227709 295 1 4 0
2014258380 255 1 8 1
2014262851 287 1 5 1
2014265668 257 1 8 0
2014265897 265 1 8 0
2014272964 53 0 1 0
2014279904 287 1 5 0
2014288774 295 1 4 1
2014294700 265 1 8 1
2014296623 255 1 8 0
2014299487 345 1 1 1
2014324064 295 1 4 0
2014324175 53 0 1 1
2014329167 255 1 8 1
2014334724 257 1 8 1
2014336267 335 1 4 0
2014349379 295 1 4 1
2014351331 53 0 1 0
2014351927 158 0 1 0
2014353070 345 1 1 0
2014359189 335 1 4 1
2014373880 257 1 8 0
2014378555 53 0 1 1
2014382962 255 1 8 0
2014384497 345 1 1 1
2014411348 255 1 8 1
2014422695 158 0 1 1
2014442023 257 1 8 1
2014462922 345 1 1 0
2014478848 257 1 8 0
2014479666 58 0 1 1
2014485736 260 1 8 0
2014489288 345 1 1 1
2014515908 295 1 5 0
2014517529 260 1 8 1
2014529729 58 0 1 0
2014547780 295 1 5 1
2014574775 181 0 1 1
2014586914 257 1 8 1
2014613474 345 1 1 0
2014632248 255 1 8 0
2014644642 265 1 8 0
2014651990 355 1 4 0
2014669712 206 0 1 0
2014683072 255 1 8 1
2014683653 265 1 8 1
2014699058 58 0 1 1
2014700907 355 1 4 1
2014720153 260 1 8 0
2014750408 295 1 5 0
2014763858 305 1 5 0
2014764395 58 0 1 0
2014772901 295 1 5 1
2014783362 181 0 1 0
2014785834 345 1 1 1
2014802854 257 1 8 0
2014804444 260 1 8 1
2014812804 206 0 1 1
2014817685 82 0 1 0
2014820440 345 1 1 0
2014823534 181 0 1 1
2014837147 305 1 5 1
2014840563 345 1 1 1
2014846935 250 1 8 0
2014849616 181 0 1 0
2014862916 257 1 8 1
2014867421 82 0 1 1
2014870309 250 1 8 1
2014871196 181 0 1 1
2014878386 345 1 1 0
2014909396 257 1 8 0
2014911354 345 1 1 1
2014911380 181 0 1 0
2014920212 58 0 1 1
2014955204 181 0 1 1
2014971468 345 1 1 0
2014985131 270 1 8 0
2014990985 181 0 1 0
2015014186 345 1 1 1
2015055393 181 0 1 1
2015113768 345 1 1 0
2015136071 255 1 8 0
2015152880 295 1 4 0
2015167452 260 1 8 0
2015168316 255 1 8 1
2015176200 181 0 1 0
2015185899 250 1 8 0
2015197707 305 1 5 0
2015204885 260 1 8 1
2015211348 295 1 3 0
2015226248 53 0 1 0
2015227659 58 0 1 0
2015227962 82 0 1 0
2015235140 305 1 5 1
2015265395 82 0 1 1
2015271191 295 1 4 1
2015273755 250 1 8 1
2015297275 295 1 3 1
2015301202 250 1 8 0
2015306033 56 0 1 0
2015319274 345 1 1 1
2015323773 53 0 1 1
2015334638 305 1 3 0
2015340671 295 1 3 0
2015341038 181 0 1 1
2015342237 250 1 8 1
2015346167 56 0 1 1
2015346890 81 0 1 0
2015351587 56 0 1 0
2015359633 305 1 3 1
2015372355 295 1 3 1
2015407410 345 1 1 0
2015441573 56 0 1 1
2015443508 265 1 8 0
2015444184 181 0 1 0
2015467829 345 1 1 1
2015496553 265 1 8 1
2015500324 345 1 1 0
2015565257 265 1 8 0
2015566731 58 0 1 1
2015606576 265 1 8 1
2015632511 250 1 8 0
2015663962 295 1 3 0
2015672546 250 1 8 1
2015676455 53 0 1 0
2015686043 81 0 1 1
2015700150 295 1 3 1
2015709821 56 0 1 0
2015714059 260 1 8 0
2015735323 56 0 1 1
2015739721 265 1 8 0
2015744314 305 1 5 0
2015748055 53 0 1 1
2015748387 260 1 8 1
2015774818 82 0 1 0
2015778676 305 1 5 1
2015781537 265 1 8 1
2015783432 255 1 8 0
2015805055 295 1 4 0
2015808848 82 0 1 1
2015829334 53 0 1 0
2015854646 255 1 8 1
2015858932 265 1 8 0
2015883020 265 1 8 1
2015884818 295 1 4 1
2015887217 255 1 8 0
2015922627 255 1 8 1
2015924662 355 1 4 0
2015925429 53 0 1 1
2015939811 206 0 1 0
2015943346 260 1 8 0
2015952882 355 1 4 1
2015973601 305 1 5 0
2015976876 260 1 8 1
2015996017 255 1 8 0
2016003781 82 0 1 0
2016007141 305 1 5 1
2016011989 265 1 8 0
2016026272 355 1 4 0
2016029285 206 0 1 1
2016037313 82 0 1 1
2016039844 206 0 1 0
2016043028 255 1 8 1
2016049429 355 1 4 1
2016056874 265 1 8 1
2016071716 206 0 1 1
2016073489 260 1 8 0
2016103935 305 1 5 0
2016134107 82 0 1 0
2016162241 260 1 8 1
2016165182 250 1 8 0
2016181125 305 1 5 1
2016197946 250 1 8 1
2016202426 255 1 8 0
2016205476 295 1 3 0
2016211297 82 0 1 1
2016226890 295 1 3 1
2016228946 355 1 4 0
2016234245 53 0 1 0
2016241753 260 1 8 0
2016243677 255 1 8 1
2016245672 206 0 1 0
2016261212 53 0 1 1
2016262214 295 1 5 0
2016273849 355 1 4 1
2016274458 58 0 1 0
2016279186 260 1 8 1
2016282405 250 1 8 0
2016308162 305 1 3 0
2016309441 295 1 5 1
2016319584 81 0 1 0
2016427415 250 1 8 1
2016428758 265 1 8 0
2016441148 305 1 3 1
2016513195 206 0 1 1
2016531647 250 1 8 0
2016542805 265 1 8 1
2016562238 305 1 3 0
2016569680 250 1 8 1
2016571712 260 1 8 0
2016598924 305 1 3 1
2016601864 295 1 5 0
2016607177 265 1 8 0
2016608212 260 1 8 1
2016638135 295 1 5 1
2016640614 345 1 1 1
2016648887 255 1 8 0
2016671629 255 1 8 1
2016677664 345 1 1 0
2016679059 355 1 4 0
2016695038 206 0 1 0
2016701801 355 1 4 1
2016708686 255 1 8 0
2016735603 345 1 1 1
2016738858 355 1 4 0
2016758821 255 1 8 1
2016765969 345 1 1 0
2016789073 355 1 4 1
2016812714 255 1 8 0
2016826330 345 1 1 1
2016840396 335 1 4 0
2016850064 255 1 8 1
2016853189 345 1 1 0
2016857537 158 0 1 0
2016873496 260 1 8 0
2016882318 335 1 4 1
2016903668 295 1 5 0
2016903673 255 1 8 0
2016910846 260 1 8 1
2016912609 206 0 1 1
2016933679 335 1 4 0
2016941018 295 1 5 1
2016977460 255 1 8 1
2016998500 260 1 8 0
2017007632 335 1 4 1
2017011637 255 1 8 0
2017028691 295 1 5 0
2017041809 335 1 4 0
2017057621 255 1 8 1
2017063964 345 1 1 1
2017087874 335 1 4 1
2017089910 260 1 8 1
2017094300 345 1 1 0
2017096368 255 1 8 0
2017118534 250 1 8 0
2017120074 295 1 5 1
2017124339 255 1 8 1
2017126540 335 1 4 0
2017140773 255 1 8 0
2017145941 355 1 3 0
2017160509 209 0 1 0
2017164963 250 1 8 1
2017174302 295 1 3 0
2017176672 335 1 4 1
2017180552 355 1 3 1
2017185055 295 1 4 0
2017191028 53 0 1 0
2017193877 260 1 8 0
2017195052 295 1 3 1
2017201818 56 0 1 0
2017216094 345 1 1 1
2017224083 295 1 5 0
2017235490 260 1 8 1
2017238207 345 1 1 0
2017241114 209 0 1 1
2017260639 250 1 8 0
2017262346 295 1 5 1
2017275579 255 1 8 1
2017290871 355 1 3 0
2017309826 209 0 1 0
2017328968 355 1 3 1
2017340918 295 1 3 0
2017365016 295 1 4 1
2017373350 295 1 3 1
2017377638 355 1 3 0
2017405029 250 1 8 1
2017433082 355 1 3 1
2017439225 53 0 1 1
2017466476 56 0 1 1
2017469890 250 1 8 0
2017500560 355 1 3 0
2017508226 250 1 8 1
2017516649 260 1 8 0
2017538159 355 1 3 1
2017545782 260 1 8 1
2017547087 255 1 8 0
2017548896 305 1 5 0
2017572694 335 1 4 0
2017576131 305 1 5 1
2017578338 355 1 4 0
2017579079 82 0 1 0
2017591246 206 0 1 0
2017597677 335 1 4 1
2017631007 295 1 4 0
2017645153 355 1 4 1
2017646783 82 0 1 1
2017649390 255 1 8 1
2017652150 260 1 8 0
2017660681 53 0 1 0
2017679147 295 1 4 1
2017679930 209 0 1 1
2017682322 305 1 5 0
2017701538 82 0 1 0
2017717527 53 0 1 1
2017767647 260 1 8 1
2017788452 250 1 8 0
2017797858 305 1 5 1
2017822345 158 0 1 1
2017823102 250 1 8 1
2017825965 355 1 3 0
2017828182 255 1 8 0
2017830400 305 1 3 0
2017847090 209 0 1 0
2017849786 355 1 3 1
2017851897 305 1 3 1
2017858437 295 1 4 0
2017869436 255 1 8 1
2017870897 345 1 1 1
2017886285 53 0 1 0
2017894256 345 1 1 0
2017894697 209 0 1 1
2017899771 295 1 4 1
2017906460 206 0 1 1
2017908858 260 1 8 0
2017921211 53 0 1 1
2017922280 82 0 1 1
2017939113 305 1 5 0
2017942235 260 1 8 1
2017949927 255 1 8 0
2017960487 82 0 1 0
2017964658 345 1 1 1
2017969558 295 1 4 0
2017972562 305 1 5 1
2017979890 255 1 8 1
2017991551 345 1 1 0
2017997406 53 0 1 0
2018019868 82 0 1 1
2018026140 53 0 1 1
2018028660 295 1 4 1
2018036505 255 1 8 0
2018069676 255 1 8 1
2018071557 250 1 8 0
2018073334 345 1 1 1
2018078380 355 1 4 0
2018093695 206 0 1 0
2018099877 355 1 4 1
2018100591 345 1 1 0
2018103562 250 1 8 1
2018134131 250 1 8 0
2018147288 355 1 3 0
2018165093 209 0 1 0
2018179510 345 1 1 1
2018192274 355 1 3 1
2018204448 295 1 3 0
2018206072 250 1 8 1
2018207643 345 1 1 0
2018208039 206 0 1 1
2018224344 56 0 1 0
2018236004 295 1 3 1
2018253462 250 1 8 0
2018261754 345 1 1 1
2018282913 250 1 8 1
2018284041 295 1 3 0
2018289024 345 1 1 0
2018312925 295 1 3 1
2018337181 209 0 1 1
2018366472 250 1 8 0
2018397221 295 1 3 0
2018407457 250 1 8 1
2018412968 260 1 8 0
2018415099 305 1 3 0
2018427109 295 1 3 1
2018437426 305 1 3 1
2018443223 305 1 5 0
2018455258 260 1 8 1
2018465427 82 0 1 0
2018485553 305 1 5 1
2018485582 255 1 8 0
2018508230 345 1 1 1
2018515771 355 1 4 0
2018527219 255 1 8 1
2018531735 345 1 1 0
2018534240 206 0 1 0
2018557437 355 1 4 1
2018560713 82 0 1 1
2018574585 255 1 8 0
2018604840 355 1 4 0
2018625238 255 1 8 1
2018654397 260 1 8 0
2018655553 355 1 4 1
2018684652 305 1 5 0
2018705694 82 0 1 0
2018712908 58 0 1 1
2018716441 295 1 5 0
2018723081 305 1 5 1
2018727938 58 0 1 0
2018778974 82 0 1 1
2018781780 260 1 8 1
2018796750 250 1 8 0
2018811476 295 1 5 1
2018819739 206 0 1 1
2018832578 255 1 8 0
2018843595 295 1 3 0
2018845390 250 1 8 1
2018862833 355 1 4 0
2018871866 345 1 1 1
2018872653 295 1 3 1
2018879227 206 0 1 0
2018880619 255 1 8 1
2018895036 345 1 1 0
2018910890 355 1 4 1
2018922940 260 1 8 0
2018953112 295 1 5 0
2018956887 260 1 8 1
2018958130 255 1 8 0
2018987059 295 1 5 1
2018996138 335 1 4 0
2019013943 158 0 1 0
2019022978 250 1 8 0
2019047698 255 1 8 1
2019050555 345 1 1 1
2019054020 295 1 3 0
2019075227 345 1 1 0
2019075710 250 1 8 1
2019077976 335 1 4 1
2019097128 250 1 8 0
2019097271 295 1 3 1
2019100583 255 1 8 0
2019106310 53 0 1 0
2019109730 206 0 1 1
2019127038 305 1 3 0
2019130755 335 1 4 0
2019139095 255 1 8 1
2019140304 250 1 8 1
2019145772 53 0 1 1
2019169267 335 1 4 1
2019170281 305 1 3 1
2019199440 250 1 8 0
2019211546 345 1 1 1
2019230166 305 1 3 0
2019233640 250 1 8 1
2019235558 255 1 8 0
2019237198 345 1 1 0
2019263615 305 1 3 1
2019265730 335 1 4 0
2019288844 255 1 8 1
2019307744 250 1 8 0
2019319016 335 1 4 1
2019338474 305 1 3 0
2019347345 260 1 8 0
2019353686 250 1 8 1
2019359352 345 1 1 1
2019368019 56 0 1 1
2019377517 295 1 5 0
2019383460 305 1 3 1
2019386171 345 1 1 0
2019390921 260 1 8 1
2019401135 255 1 8 0
2019421175 295 1 5 1
2019431307 335 1 4 0
2019448488 295 1 4 0
2019469653 335 1 4 1
2019474261 53 0 1 0
2019509496 260 1 8 0
2019512937 53 0 1 1
2019539668 295 1 5 0
2019586102 355 1 4 0
2019586185 335 1 4 0
2019600252 255 1 8 1
2019601749 206 0 1 0
2019618140 335 1 4 1
2019623083 295 1 5 1
2019623622 305 1 5 0
2019625907 255 1 8 0
2019632831 355 1 4 1
2019640016 82 0 1 0
2019640548 250 1 8 0
2019647483 260 1 8 1
2019649728 255 1 8 1
2019656992 355 1 4 0
2019671867 305 1 3 0
2019677489 305 1 5 1
2019678821 355 1 4 1
2019689883 255 1 8 0
2019696028 250 1 8 1
2019723659 305 1 3 1
2019736114 255 1 8 1
2019739399 260 1 8 0
2019769654 305 1 5 0
2019771804 260 1 8 1
2019778693 250 1 8 0
2019802107 305 1 5 1
2019830181 355 1 3 0
2019846160 209 0 1 0
2019846810 295 1 3 0
2019858576 206 0 1 1
2019861306 355 1 3 1
2019864864 56 0 1 0
2019865196 53 0 1 0
2019881255 295 1 3 1
2019884790 355 1 3 0
2019921310 355 1 3 1
2019922110 295 1 3 0
2019949315 260 1 8 0
2019954292 250 1 8 1
2019954646 295 1 3 1
2019955215 355 1 3 0
2019956333 345 1 1 1
2019968680 56 0 1 1
2019979570 305 1 5 0
2019979652 345 1 1 0
2019983760 260 1 8 1
2019984182 355 1 3 1
2020014015 305 1 5 1
2020015483 255 1 8 0
2020094840 255 1 8 1
2020101410 345 1 1 1
2020126536 345 1 1 0
2020132619 53 0 1 1
2020147051 260 1 8 0
2020177306 305 1 5 0
2020179180 209 0 1 1
2020181055 255 1 8 0
2020193963 355 1 4 0
2020198096 260 1 8 1
2020207969 255 1 8 1
2020208531 206 0 1 0
2020212173 158 0 1 1
2020228351 305 1 5 1
2020233284 260 1 8 0
2020239364 355 1 4 1
2020263539 305 1 5 0
2020280242 255 1 8 0
2020300763 260 1 8 1
2020310497 355 1 4 0
2020316118 255 1 8 1
2020324618 345 1 1 1
2020331018 305 1 5 1
2020345514 345 1 1 0
2020346436 355 1 4 1
2020380648 250 1 8 0
2020412028 255 1 8 0
2020412307 355 1 3 0
2020421380 250 1 8 1
2020427456 209 0 1 0
2020442283 355 1 4 0
2020450155 355 1 3 1
2020454677 260 1 8 0
2020469917 255 1 8 1
2020498335 260 1 8 1
2020500217 355 1 4 1
2020500963 250 1 8 0
2020501449 295 1 5 0
2020528590 295 1 5 1
2020531689 355 1 3 0
2020565342 305 1 3 0
2020578252 355 1 3 1
2020599040 305 1 3 1
2020610544 355 1 3 0
2020640980 250 1 8 1
2020659016 355 1 3 1
2020676388 250 1 8 0
2020695697 295 1 3 0
2020697268 250 1 8 1
2020706476 345 1 1 1
2020718648 56 0 1 0
2020725454 53 0 1 0
2020727154 295 1 3 1
2020728087 345 1 1 0
2020742841 260 1 8 0
2020765832 260 1 8 1
2020773096 295 1 5 0
2020784634 56 0 1 1
2020796087 295 1 5 1
2020809264 53 0 1 1
2020824455 255 1 8 0
2020856619 355 1 4 0
2020858237 265 1 8 1
2020865652 345 1 1 1
2020872097 255 1 8 1
2020890566 355 1 4 1
2020890904 345 1 1 0
2020912955 209 0 1 1
2020918938 265 1 8 0
2020944108 255 1 8 0
2020964486 335 1 4 0
2020968332 255 1 8 1
2020980133 158 0 1 0
2020988999 260 1 8 0
2020996210 345 1 1 1
2020998599 335 1 4 1
2021019254 295 1 5 0
2021020566 345 1 1 0
2021021950 260 1 8 1
2021044372 255 1 8 0
2021052205 295 1 5 1
2021074627 335 1 4 0
2021082471 206 0 1 1
2021087429 260 1 8 0
2021101061 255 1 8 1
2021117684 295 1 5 0
2021131316 335 1 4 1
2021143142 255 1 8 0
2021173397 335 1 4 0
2021175172 260 1 8 1
2021188118 345 1 1 1
2021199367 345 1 1 0
2021220452 250 1 8 0
2021253038 295 1 3 0
2021263652 250 1 8 1
2021266942 53 0 1 0
2021292048 295 1 3 1
2021295158 335 1 4 1
2021300225 56 0 1 0
2021332403 260 1 8 0
2021340144 355 1 4 0
2021340559 335 1 4 0
2021352666 82 0 1 1
2021354214 206 0 1 0
2021365089 56 0 1 1
2021373178 335 1 4 1
2021383116 260 1 8 1
2021397612 250 1 8 0
2021411856 355 1 4 1
2021448157 305 1 3 0
2021452566 255 1 8 1
2021457048 250 1 8 1
2021458277 295 1 3 0
2021460745 250 1 8 0
2021471397 305 1 3 1
2021485046 56 0 1 0
2021488820 250 1 8 1
2021490756 345 1 1 1
2021511527 345 1 1 0
2021512144 295 1 3 1
2021535495 250 1 8 0
2021566142 295 1 3 0
2021569263 56 0 1 1
2021586271 56 0 1 0
2021599413 250 1 8 1
2021604322 295 1 3 1
2021606298 305 1 3 0
2021629455 305 1 3 1
2021647807 250 1 8 0
2021650191 56 0 1 1
2021673492 250 1 8 1
2021679424 305 1 3 0
2021703660 305 1 3 1
2021711053 260 1 8 0
2021745830 260 1 8 1
2021777479 53 0 1 1
2021790281 255 1 8 0
2021842073 255 1 8 1
2021877343 345 1 1 1
2021879266 260 1 8 0
2021892423 305 1 5 0
2021901535 345 1 1 0
2021904667 82 0 1 0
2021910889 260 1 8 1
2021932740 260 1 8 0
2022013970 345 1 1 1
2022026825 260 1 8 1
2022038673 345 1 1 0
2022040246 305 1 5 1
2022050648 250 1 8 0
2022078886 206 0 1 1
2022082224 305 1 3 0
2022091939 255 1 8 0
2022102924 250 1 8 1
2022105926 355 1 4 0
2022119664 206 0 1 0
2022131360 305 1 3 1
2022138745 345 1 1 1
2022150039 255 1 8 1
2022162584 345 1 1 0
2022178654 260 1 8 0
2022180294 355 1 4 1
2022203591 158 0 1 1
2022210652 305 1 5 0
2022215795 255 1 8 0
2022219407 260 1 8 1
2022246050 355 1 4 0
2022249247 305 1 5 1
2022269357 255 1 8 1
2022294481 345 1 1 1
2022296357 250 1 8 0
2022299668 355 1 4 1
2022316670 345 1 1 0
2022320738 250 1 8 1
2022327423 305 1 3 0
2022332188 255 1 8 0
2022350580 305 1 3 1
2022375257 250 1 8 0
2022379332 255 1 8 1
2022379458 355 1 4 0
2022410787 305 1 3 0
2022411247 355 1 4 1
2022463409 305 1 3 1
2022469844 355 1 3 0
2022484993 209 0 1 0
2022497131 295 1 3 0
2022501135 355 1 3 1
2022511616 53 0 1 0
2022522242 250 1 8 1
2022529876 56 0 1 0
2022531161 295 1 3 1
2022534460 260 1 8 0
2022567039 305 1 5 0
2022577703 260 1 8 1
2022583620 53 0 1 1
2022592974 255 1 8 0
2022595927 209 0 1 1
2022607792 305 1 5 1
2022626993 56 0 1 1
2022637837 335 1 4 0
2022640367 255 1 8 1
2022647517 260 1 8 0
2022654397 158 0 1 0
2022670539 335 1 4 1
2022677938 305 1 5 0
2022706933 255 1 8 0
2022709478 305 1 5 1
2022737105 335 1 4 0
2022737643 255 1 8 1
2022765783 260 1 8 1
2022767815 335 1 4 1
2022779900 250 1 8 0
2022791089 355 1 3 0
2022795502 345 1 1 1
2022811301 209 0 1 0
2022816588 345 1 1 0
2022818523 250 1 8 1
2022826530 355 1 3 1
2022827645 295 1 3 0
2022830890 255 1 8 0
2022841051 56 0 1 0
2022848644 295 1 3 1
2022861062 335 1 4 0
2022898677 209 0 1 1
2022903468 260 1 8 0
2022916923 255 1 8 1
2022941233 260 1 8 1
2022945495 255 1 8 0
2022947133 335 1 4 1
2022975667 335 1 4 0
2022995443 250 1 8 0
2023023416 250 1 8 1
2023035842 355 1 4 0
2023054517 335 1 4 1
2023068173 250 1 8 0
2023074188 355 1 4 1
2023082489 355 1 3 0
2023099547 209 0 1 0
2023104068 355 1 4 0
2023119910 56 0 1 1
2023154200 355 1 4 1
2023169927 255 1 8 1
2023193709 355 1 3 1
2023201115 255 1 8 0
2023206918 305 1 3 0
2023219126 250 1 8 1
2023225600 260 1 8 0
2023240699 305 1 3 1
2023261871 255 1 8 1
2023273740 260 1 8 1
2023319671 260 1 8 0
2023354408 305 1 5 0
2023399036 345 1 1 1
2023408261 209 0 1 1
2023420027 345 1 1 0
2023422508 260 1 8 1
2023456664 305 1 5 1
2023466723 250 1 8 0
2023486791 355 1 3 0
2023500056 250 1 8 1
2023504845 209 0 1 0
2023529482 260 1 8 0
2023529868 355 1 3 1
2023562559 305 1 5 0
2023577539 260 1 8 1
2023586426 250 1 8 0
2023596537 255 1 8 0
2023605470 305 1 5 1
2023609777 355 1 4 0
2023614219 295 1 3 0
2023615206 250 1 8 1
2023627376 56 0 1 0
2023645178 295 1 3 1
2023652811 255 1 8 1
2023671727 250 1 8 0
2023688627 355 1 4 1
2023693448 255 1 8 0
2023712157 295 1 3 0
2023723703 355 1 4 0
2023726595 250 1 8 1
2023727169 255 1 8 1
2023757226 295 1 3 1
2023757484 355 1 4 1
2023763505 209 0 1 1
2023776461 255 1 8 0
2023779573 250 1 8 0
2023806716 355 1 4 0
2023811321 255 1 8 1
2023818497 250 1 8 1
2023826503 158 0 1 1
2023841576 355 1 4 1
2023853412 250 1 8 0
2023864502 305 1 3 0
2023871123 295 1 3 0
2023884529 53 0 1 0
2023890398 305 1 3 1
2023901059 250 1 8 1
2023907208 255 1 8 0
2023930136 295 1 3 1
2023941944 345 1 1 1
2023947174 335 1 4 0
2023947629 255 1 8 1
2023963153 158 0 1 0
2023963173 345 1 1 0
2023977006 53 0 1 1
2023985852 335 1 4 1
2024000515 255 1 8 0
2024013682 260 1 8 0
2024030936 335 1 4 0
2024041102 255 1 8 1
2024049209 260 1 8 1
2024071274 335 1 4 1
2024095820 255 1 8 0
2024100752 260 1 8 0
2024115984 305 1 5 0
2024125992 335 1 4 0
2024143545 255 1 8 1
2024167776 305 1 5 1
2024173717 335 1 4 1
2024179519 260 1 8 1
2024188858 305 1 5 0
2024193594 255 1 8 0
2024207905 260 1 8 0
2024208420 56 0 1 1
2024209525 305 1 5 1
2024223766 335 1 4 0
2024240401 305 1 5 0
2024248374 255 1 8 1
2024251646 260 1 8 1
2024254345 250 1 8 0
2024272112 255 1 8 0
2024278546 335 1 4 1
2024286696 295 1 3 0
2024288337 305 1 5 1
2024302284 335 1 4 0
2024307738 56 0 1 0
2024309100 250 1 8 1
2024309953 260 1 8 0
2024314212 53 0 1 0
2024323608 305 1 5 0
2024325540 295 1 3 1
2024336646 355 1 4 0
2024343278 255 1 8 1
2024359463 260 1 8 1
2024364036 355 1 4 1
2024365281 335 1 4 1
2024370882 255 1 8 0
2024378322 56 0 1 1
2024379851 53 0 1 1
2024380357 305 1 5 1
2024397186 250 1 8 0
2024411678 355 1 4 0
2024418293 305 1 3 0
2024427020 250 1 8 1
2024456971 305 1 3 1
2024475570 345 1 1 1
2024485671 255 1 8 1
2024496497 345 1 1 0
2024528036 250 1 8 0
2024555727 255 1 8 0
2024565650 305 1 3 0
2024584589 250 1 8 1
2024592164 255 1 8 1
2024614786 305 1 3 1
2024627470 255 1 8 0
2024638809 250 1 8 0
2024663575 255 1 8 1
2024672852 305 1 3 0
2024727987 250 1 8 1
2024736901 255 1 8 0
2024755686 305 1 3 1
2024765619 255 1 8 1
2024775930 260 1 8 0
2024800043 305 1 5 0
2024936811 250 1 8 0
2024940432 260 1 8 1
2024958907 355 1 3 0
2024975218 209 0 1 0
2024991277 250 1 8 1
2024994413 260 1 8 0
2024998589 295 1 3 0
2024998830 355 1 3 1
2025014568 53 0 1 0
2025021829 295 1 3 1
2025044296 260 1 8 1
2025053175 255 1 8 0
2025094758 255 1 8 1
2025097163 345 1 1 1
2025101769 250 1 8 0
2025104014 335 1 4 0
2025118414 345 1 1 0
2025123177 250 1 8 1
2025129410 209 0 1 1
2025132898 335 1 4 1
2025139780 255 1 8 0
2025151247 53 0 1 1
2025172608 335 1 4 0
2025209297 250 1 8 0
2025234947 355 1 3 0
2025251341 209 0 1 0
2025255019 250 1 8 1
2025259327 295 1 3 0
2025271052 355 1 3 1
2025273480 53 0 1 0
2025285057 295 1 3 1
2025290827 56 0 1 0
2025324490 250 1 8 0
2025327165 56 0 1 1
2025361899 53 0 1 1
2025366618 355 1 3 0
2025369534 209 0 1 1
2025380024 209 0 1 0
2025390981 335 1 4 1
2025400234 255 1 8 1
2025411073 250 1 8 1
2025412393 255 1 8 0
2025440239 355 1 3 1
2025474565 260 1 8 0
2025486927 255 1 8 1
2025523762 255 1 8 0
2025561859 255 1 8 1
2025609915 209 0 1 1
2025614755 260 1 8 1
2025622366 255 1 8 0
2025625716 250 1 8 0
2025645855 255 1 8 1
2025656865 355 1 3 0
2025657392 345 1 1 1
2025673674 209 0 1 0
2025677835 250 1 8 1
2025678528 345 1 1 0
2025693717 355 1 3 1
2025694850 260 1 8 0
2025753697 260 1 8 1
2025761866 255 1 8 0
2025787760 209 0 1 1
2025788884 335 1 4 0
2025829654 250 1 8 0
2025847441 305 1 3 0
2025854376 255 1 8 1
2025880770 255 1 8 0
2025880807 305 1 3 1
2025885297 355 1 3 0
2025887903 335 1 4 1
2025898952 209 0 1 0
2025904508 255 1 8 1
2025911523 335 1 4 0
2025923955 295 1 3 0
2025924507 250 1 8 1
2025929287 355 1 3 1
2025934232 255 1 8 0
2025934431 335 1 4 1
2025943337 56 0 1 0
2025945910 53 0 1 0
2025948800 335 1 4 0
2025954416 295 1 3 1
2025962521 250 1 8 0
2025980961 255 1 8 1
2025994274 295 1 3 0
2025995918 56 0 1 1
2026000378 250 1 8 1
2026009912 255 1 8 0
2026010585 56 0 1 0
2026030296 295 1 3 1
2026033501 250 1 8 0
2026054898 255 1 8 1
2026057809 250 1 8 1
2026059719 56 0 1 1
2026059918 255 1 8 0
2026106192 209 0 1 1
2026134855 53 0 1 1
2026163502 255 1 8 1
2026170778 260 1 8 0
2026201864 255 1 8 0
2026224323 345 1 1 1
2026225054 260 1 8 1
2026245495 345 1 1 0
2026299026 260 1 8 0
2026301713 255 1 8 1
2026362231 255 1 8 0
2026380366 260 1 8 1
2026429732 250 1 8 0
2026449973 295 1 3 0
2026465952 53 0 1 0
2026467650 305 1 3 0
2026474115 255 1 8 1
2026475995 56 0 1 0
2026478873 250 1 8 1
2026488301 260 1 8 0
2026492965 305 1 3 1
2026494129 295 1 3 1
2026538456 255 1 8 0
2026550738 260 1 8 1
2026558326 53 0 1 1
2026569616 56 0 1 1
2026599218 250 1 8 0
2026630201 295 1 3 0
2026647425 56 0 1 0
2026652737 53 0 1 0
2026700585 295 1 3 1
2026709149 305 1 3 0
2026747622 250 1 8 1
2026755460 56 0 1 1
2026775383 305 1 3 1
2026794321 345 1 1 1
2026815562 345 1 1 0
2026833786 250 1 8 0
2026850101 53 0 1 1
2026858510 250 1 8 1
2026864516 305 1 3 0
2026887673 305 1 3 1
2026929413 260 1 8 0
2027129814 250 1 8 0
2027161050 305 1 3 0
2027197814 250 1 8 1
2027227118 305 1 3 1
2027309649 250 1 8 0
2027327440 305 1 3 0
2027348095 345 1 1 1
2027355577 305 1 3 1
2027360325 355 1 3 0
2027369175 345 1 1 0
2027372901 209 0 1 0
2027399335 355 1 3 1
2027400502 295 1 3 0
2027403212 250 1 8 1
2027422042 56 0 1 0
2027423908 295 1 3 1
2027426258 250 1 8 0
2027450390 355 1 3 0
2027486993 355 1 3 1
2027487548 295 1 3 0
2027490422 250 1 8 1
2027513278 295 1 3 1
2027558530 250 1 8 0
2027583338 355 1 3 0
2027592562 250 1 8 1
2027622431 355 1 3 1
2027651627 56 0 1 1
2027659864 250 1 8 0
2027690594 355 1 3 0
2027750782 305 1 3 0
2027764215 355 1 3 1
2027802740 305 1 3 1
2027805844 355 1 3 0
2027807024 250 1 8 1
2027835254 250 1 8 0
2027836969 355 1 3 1
2027877044 295 1 3 0
2027889869 56 0 1 0
2027912096 250 1 8 1
2027928049 53 0 1 0
2027941037 295 1 3 1
2027943486 250 1 8 0
2027981295 295 1 3 0
2027986754 305 1 3 0
2028014601 250 1 8 1
2028024953 295 1 3 1
2028040345 345 1 1 1
2028041834 250 1 8 0
2028061244 345 1 1 0
2028063845 53 0 1 1
2028067927 250 1 8 1
2028094879 250 1 8 0
2028106238 295 1 3 0
2028147864 53 0 1 0
2028178025 250 1 8 1
2028181331 209 0 1 1
2028184507 295 1 3 1
2028203482 250 1 8 0
2028275495 53 0 1 1
2028284071 250 1 8 1
2028307243 250 1 8 0
2028381975 250 1 8 1
2028386731 355 1 3 0
2028401465 209 0 1 0
2028414179 250 1 8 0
2028455040 355 1 3 1
2028469712 295 1 3 0
2028491037 250 1 8 1
2028495086 355 1 3 0
2028496647 53 0 1 0
2028505817 295 1 3 1
2028515771 250 1 8 0
2028519820 355 1 3 1
2028557507 295 1 3 0
2028560696 250 1 8 1
2028580812 345 1 1 1
2028582490 295 1 3 1
2028586403 250 1 8 0
2028599707 355 1 3 0
2028601997 345 1 1 0
2028608938 250 1 8 1
2028638634 355 1 3 1
2028640768 250 1 8 0
2028653712 53 0 1 1
2028672794 355 1 3 0
2028758118 355 1 3 1
2028770724 250 1 8 1
2028792421 250 1 8 0
2028814094 355 1 3 0
2028845498 56 0 1 1
2028846630 355 1 3 1
2028847508 295 1 3 0
2028860250 56 0 1 0
2028866641 53 0 1 0
2028892682 250 1 8 1
2028921046 295 1 3 1
2028927963 250 1 8 0
2028964910 295 1 3 0
2028971827 250 1 8 1
2028997088 250 1 8 0
2029001098 295 1 3 1
2029032923 295 1 3 0
2029114180 295 1 3 1
2029129061 355 1 3 0
2029153547 345 1 1 1
2029174512 345 1 1 0
2029182327 250 1 8 1
2029199943 355 1 3 1
2029205764 250 1 8 0
2029228615 295 1 3 0
2029265135 295 1 3 1
2029266540 355 1 3 0
2029272233 250 1 8 1
2029291440 355 1 3 1
2029301194 250 1 8 0
2029323456 295 1 3 0
2029348605 295 1 3 1
2029351069 355 1 3 0
2029403626 250 1 8 1
2029429254 250 1 8 0
2029512445 250 1 8 1
2029547129 250 1 8 0
2029580563 295 1 3 0
2029615753 250 1 8 1
2029642015 250 1 8 0
2029665638 295 1 3 1
2029687923 295 1 3 0
2029716147 345 1 1 1
2029736270 250 1 8 1
2029737030 345 1 1 0
2029762955 295 1 3 1
2029772409 250 1 8 0
2029803977 295 1 3 0
2029847303 295 1 3 1
2029918880 295 1 3 0
2029938576 250 1 8 1
2029961376 295 1 3 1
2029963378 250 1 8 0
2030010999 295 1 3 0
2030040215 295 1 3 1
2030081781 295 1 3 0
2030229057 250 1 8 1
2030245291 295 1 3 1
2030251965 250 1 8 0
2030268673 345 1 1 1
2030289295 295 1 3 0
2030289538 345 1 1 0
2030297283 250 1 8 1
2030322291 250 1 8 0
2030325981 295 1 3 1
2030360258 295 1 3 0
2030534236 250 1 8 1
2030556138 250 1 8 0
2030833901 345 1 1 1
2030854872 345 1 1 0
