2005203110 345 1 1 1
2005224297 345 1 1 0
2005391500 345 1 1 1
2005412459 345 1 1 0
2005967248 255 1 8 1
2005972449 255 1 8 0
2007916913 347 1 3 1
2007954672 347 1 3 0
2008041609 251 1 8 1
2008075409 251 1 8 0
2008401489 347 1 3 1
2008453260 347 1 3 0
2009272603 345 1 1 1
2009294507 345 1 1 0
2009454698 345 1 1 1
2009483564 345 1 1 0
2009580216 345 1 1 1
2009615566 345 1 1 0
2009732800 345 1 1 1
2009762771 345 1 1 0
2009893261 345 1 1 1
2009928921 345 1 1 0
2010012557 345 1 1 1
2010039660 345 1 1 0
2010077215 345 1 1 1
2010106354 345 1 1 0
2010213605 345 1 1 1
2010237931 345 1 1 0
2010371055 345 1 1 1
2010403971 345 1 1 0
2010515382 345 1 1 1
2010540423 345 1 1 0
2010646902 345 1 1 1
2010670061 345 1 1 0
2010834424 345 1 1 1
2010862513 345 1 1 0
