320
1 0 3 100 10000000 2.000000000
2 0 3 100 7000000 2.000000400
3 0 3 100 7000000 2.000000800
4 0 3 100 7000000 2.000001200
5 0 3 100 7000000 2.000001300
6 0 3 100 9000000 2.000001700
7 0 3 100 7000000 2.000002100
8 0 3 100 9000000 2.000002200
9 0 3 100 4000000 2.000002600
10 0 3 100 3000000 2.000002700
11 0 3 100 3000000 2.000002900
12 0 3 100 1000000 2.000003100
13 0 3 100 7000000 2.000003200
14 0 3 100 7000000 2.000003600
15 0 3 100 8000000 2.000003900
16 0 3 100 4000000 2.000004000
17 0 3 100 4000000 2.000004100
18 0 3 100 9000000 2.000004300
19 0 3 100 5000000 2.000004500
20 0 3 100 6000000 2.000004900
21 0 3 100 2000000 2.000005300
22 0 3 100 8000000 2.000005700
23 0 3 100 7000000 2.000006100
24 0 3 100 2000000 2.000006200
25 0 3 100 10000000 2.000006400
26 0 3 100 7000000 2.000006500
27 0 3 100 2000000 2.000006700
28 0 3 100 3000000 2.000006900
29 0 3 100 7000000 2.000007300
30 0 3 100 9000000 2.000007400
31 0 3 100 8000000 2.000007800
32 0 3 100 3000000 2.000008000
33 0 3 100 3000000 2.000008100
34 0 3 100 5000000 2.000008500
35 0 3 100 2000000 2.000008800
36 0 3 100 10000000 2.000009100
37 0 3 100 10000000 2.000009500
38 0 3 100 4000000 2.000009600
39 0 3 100 7000000 2.000010000
40 0 3 100 5000000 2.000010200
41 0 3 100 4000000 2.000010400
42 0 3 100 3000000 2.000010700
43 0 3 100 1000000 2.000011000
44 0 3 100 4000000 2.000011400
45 0 3 100 1000000 2.000011700
46 0 3 100 5000000 2.000012000
47 0 3 100 1000000 2.000012400
48 0 3 100 6000000 2.000012800
49 0 3 100 9000000 2.000013100
50 0 3 100 6000000 2.000013300
51 0 3 100 4000000 2.000013500
52 0 3 100 10000000 2.000013900
53 0 3 100 5000000 2.000014100
54 0 3 100 8000000 2.000014400
55 0 3 100 1000000 2.000014800
56 0 3 100 7000000 2.000015000
57 0 3 100 3000000 2.000015300
58 0 3 100 4000000 2.000015400
59 0 3 100 10000000 2.000015600
60 0 3 100 6000000 2.000015800
61 0 3 100 5000000 2.000016200
62 0 3 100 1000000 2.000016500
63 0 3 100 1000000 2.000016600
64 0 3 100 7000000 2.000016700
1 0 3 100 8000000 2.000016800
2 0 3 100 1000000 2.000017000
3 0 3 100 5000000 2.000017300
4 0 3 100 1000000 2.000017400
5 0 3 100 9000000 2.000017700
6 0 3 100 6000000 2.000017900
7 0 3 100 2000000 2.000018000
8 0 3 100 8000000 2.000018400
9 0 3 100 6000000 2.000018700
10 0 3 100 10000000 2.000019000
11 0 3 100 5000000 2.000019100
12 0 3 100 9000000 2.000019200
13 0 3 100 6000000 2.000019500
14 0 3 100 10000000 2.000019600
15 0 3 100 2000000 2.000019700
16 0 3 100 7000000 2.000019900
17 0 3 100 4000000 2.000020300
18 0 3 100 5000000 2.000020700
19 0 3 100 1000000 2.000021000
20 0 3 100 10000000 2.000021400
21 0 3 100 6000000 2.000021600
22 0 3 100 6000000 2.000022000
23 0 3 100 9000000 2.000022100
24 0 3 100 5000000 2.000022300
25 0 3 100 9000000 2.000022600
26 0 3 100 4000000 2.000022700
27 0 3 100 5000000 2.000022800
28 0 3 100 2000000 2.000023000
29 0 3 100 9000000 2.000023400
30 0 3 100 9000000 2.000023600
31 0 3 100 5000000 2.000023900
32 0 3 100 8000000 2.000024000
33 0 3 100 7000000 2.000024100
34 0 3 100 7000000 2.000024300
35 0 3 100 3000000 2.000024400
36 0 3 100 5000000 2.000024500
37 0 3 100 4000000 2.000024900
38 0 3 100 4000000 2.000025100
39 0 3 100 3000000 2.000025500
40 0 3 100 6000000 2.000025800
41 0 3 100 10000000 2.000026100
42 0 3 100 8000000 2.000026400
43 0 3 100 3000000 2.000026600
44 0 3 100 4000000 2.000026900
45 0 3 100 3000000 2.000027200
46 0 3 100 3000000 2.000027300
47 0 3 100 4000000 2.000027500
48 0 3 100 9000000 2.000027800
49 0 3 100 9000000 2.000028000
50 0 3 100 8000000 2.000028400
51 0 3 100 3000000 2.000028600
52 0 3 100 10000000 2.000029000
53 0 3 100 3000000 2.000029400
54 0 3 100 8000000 2.000029800
55 0 3 100 9000000 2.000030100
56 0 3 100 9000000 2.000030200
57 0 3 100 5000000 2.000030400
58 0 3 100 3000000 2.000030500
59 0 3 100 5000000 2.000030900
60 0 3 100 2000000 2.000031300
61 0 3 100 4000000 2.000031500
62 0 3 100 1000000 2.000031800
63 0 3 100 9000000 2.000032000
64 0 3 100 8000000 2.000032300
1 0 3 100 7000000 2.000032700
2 0 3 100 8000000 2.000032900
3 0 3 100 10000000 2.000033100
4 0 3 100 8000000 2.000033200
5 0 3 100 2000000 2.000033400
6 0 3 100 3000000 2.000033600
7 0 3 100 2000000 2.000033900
8 0 3 100 8000000 2.000034000
9 0 3 100 1000000 2.000034200
10 0 3 100 6000000 2.000034600
11 0 3 100 1000000 2.000035000
12 0 3 100 10000000 2.000035200
13 0 3 100 5000000 2.000035600
14 0 3 100 2000000 2.000035800
15 0 3 100 5000000 2.000036100
16 0 3 100 8000000 2.000036300
17 0 3 100 10000000 2.000036600
18 0 3 100 8000000 2.000036700
19 0 3 100 7000000 2.000037100
20 0 3 100 10000000 2.000037300
21 0 3 100 3000000 2.000037500
22 0 3 100 10000000 2.000037600
23 0 3 100 4000000 2.000037700
24 0 3 100 7000000 2.000038100
25 0 3 100 1000000 2.000038200
26 0 3 100 7000000 2.000038600
27 0 3 100 1000000 2.000039000
28 0 3 100 4000000 2.000039400
29 0 3 100 1000000 2.000039600
30 0 3 100 8000000 2.000039900
31 0 3 100 5000000 2.000040300
32 0 3 100 3000000 2.000040500
33 0 3 100 7000000 2.000040600
34 0 3 100 3000000 2.000040900
35 0 3 100 4000000 2.000041000
36 0 3 100 2000000 2.000041300
37 0 3 100 3000000 2.000041500
38 0 3 100 9000000 2.000041600
39 0 3 100 2000000 2.000041700
40 0 3 100 10000000 2.000042100
41 0 3 100 5000000 2.000042400
42 0 3 100 3000000 2.000042700
43 0 3 100 3000000 2.000043000
44 0 3 100 6000000 2.000043400
45 0 3 100 5000000 2.000043500
46 0 3 100 10000000 2.000043700
47 0 3 100 3000000 2.000044000
48 0 3 100 2000000 2.000044300
49 0 3 100 8000000 2.000044500
50 0 3 100 1000000 2.000044800
51 0 3 100 8000000 2.000045100
52 0 3 100 8000000 2.000045300
53 0 3 100 3000000 2.000045500
54 0 3 100 4000000 2.000045600
55 0 3 100 10000000 2.000046000
56 0 3 100 6000000 2.000046200
57 0 3 100 6000000 2.000046600
58 0 3 100 4000000 2.000046700
59 0 3 100 3000000 2.000047000
60 0 3 100 5000000 2.000047200
61 0 3 100 1000000 2.000047500
62 0 3 100 8000000 2.000047900
63 0 3 100 8000000 2.000048000
64 0 3 100 1000000 2.000048400
1 0 3 100 2000000 2.000048700
2 0 3 100 9000000 2.000048900
3 0 3 100 1000000 2.000049000
4 0 3 100 4000000 2.000049300
5 0 3 100 9000000 2.000049400
6 0 3 100 4000000 2.000049600
7 0 3 100 8000000 2.000049900
8 0 3 100 10000000 2.000050100
9 0 3 100 7000000 2.000050500
10 0 3 100 6000000 2.000050900
11 0 3 100 9000000 2.000051100
12 0 3 100 8000000 2.000051400
13 0 3 100 5000000 2.000051500
14 0 3 100 5000000 2.000051800
15 0 3 100 2000000 2.000052100
16 0 3 100 4000000 2.000052200
17 0 3 100 1000000 2.000052400
18 0 3 100 2000000 2.000052500
19 0 3 100 8000000 2.000052800
20 0 3 100 1000000 2.000052900
21 0 3 100 6000000 2.000053000
22 0 3 100 2000000 2.000053100
23 0 3 100 3000000 2.000053400
24 0 3 100 2000000 2.000053600
25 0 3 100 1000000 2.000053800
26 0 3 100 10000000 2.000054200
27 0 3 100 4000000 2.000054500
28 0 3 100 6000000 2.000054600
29 0 3 100 6000000 2.000054700
30 0 3 100 5000000 2.000054800
31 0 3 100 7000000 2.000055100
32 0 3 100 6000000 2.000055200
33 0 3 100 8000000 2.000055500
34 0 3 100 10000000 2.000055600
35 0 3 100 5000000 2.000055700
36 0 3 100 1000000 2.000056100
37 0 3 100 2000000 2.000056200
38 0 3 100 10000000 2.000056300
39 0 3 100 6000000 2.000056400
40 0 3 100 6000000 2.000056500
41 0 3 100 4000000 2.000056600
42 0 3 100 3000000 2.000056800
43 0 3 100 10000000 2.000056900
44 0 3 100 9000000 2.000057300
45 0 3 100 8000000 2.000057600
46 0 3 100 8000000 2.000057700
47 0 3 100 5000000 2.000058000
48 0 3 100 3000000 2.000058200
49 0 3 100 1000000 2.000058300
50 0 3 100 7000000 2.000058700
51 0 3 100 7000000 2.000059100
52 0 3 100 6000000 2.000059400
53 0 3 100 2000000 2.000059500
54 0 3 100 4000000 2.000059800
55 0 3 100 7000000 2.000060100
56 0 3 100 4000000 2.000060400
57 0 3 100 9000000 2.000060700
58 0 3 100 1000000 2.000061100
59 0 3 100 6000000 2.000061400
60 0 3 100 6000000 2.000061600
61 0 3 100 3000000 2.000061700
62 0 3 100 9000000 2.000062000
63 0 3 100 9000000 2.000062200
64 0 3 100 3000000 2.000062600
1 0 3 100 6000000 2.000063000
2 0 3 100 5000000 2.000063300
3 0 3 100 4000000 2.000063400
4 0 3 100 3000000 2.000063500
5 0 3 100 2000000 2.000063600
6 0 3 100 3000000 2.000063700
7 0 3 100 8000000 2.000063800
8 0 3 100 5000000 2.000063900
9 0 3 100 9000000 2.000064000
10 0 3 100 2000000 2.000064100
11 0 3 100 8000000 2.000064400
12 0 3 100 3000000 2.000064700
13 0 3 100 3000000 2.000064800
14 0 3 100 4000000 2.000065200
15 0 3 100 7000000 2.000065500
16 0 3 100 10000000 2.000065700
17 0 3 100 8000000 2.000066000
18 0 3 100 4000000 2.000066300
19 0 3 100 4000000 2.000066400
20 0 3 100 5000000 2.000066700
21 0 3 100 4000000 2.000067000
22 0 3 100 9000000 2.000067200
23 0 3 100 6000000 2.000067400
24 0 3 100 2000000 2.000067600
25 0 3 100 7000000 2.000067900
26 0 3 100 7000000 2.000068100
27 0 3 100 7000000 2.000068500
28 0 3 100 5000000 2.000068700
29 0 3 100 4000000 2.000069100
30 0 3 100 4000000 2.000069200
31 0 3 100 8000000 2.000069600
32 0 3 100 5000000 2.000069800
33 0 3 100 7000000 2.000070000
34 0 3 100 3000000 2.000070300
35 0 3 100 3000000 2.000070400
36 0 3 100 10000000 2.000070800
37 0 3 100 8000000 2.000071200
38 0 3 100 2000000 2.000071500
39 0 3 100 5000000 2.000071600
40 0 3 100 3000000 2.000072000
41 0 3 100 9000000 2.000072200
42 0 3 100 4000000 2.000072500
43 0 3 100 2000000 2.000072700
44 0 3 100 3000000 2.000073000
45 0 3 100 7000000 2.000073300
46 0 3 100 8000000 2.000073600
47 0 3 100 5000000 2.000073700
48 0 3 100 4000000 2.000074100
49 0 3 100 1000000 2.000074400
50 0 3 100 2000000 2.000074600
51 0 3 100 3000000 2.000075000
52 0 3 100 6000000 2.000075400
53 0 3 100 9000000 2.000075800
54 0 3 100 2000000 2.000076200
55 0 3 100 10000000 2.000076500
56 0 3 100 3000000 2.000076800
57 0 3 100 5000000 2.000077200
58 0 3 100 10000000 2.000077500
59 0 3 100 7000000 2.000077600
60 0 3 100 6000000 2.000078000
61 0 3 100 10000000 2.000078200
62 0 3 100 4000000 2.000078500
63 0 3 100 8000000 2.000078600
64 0 3 100 9000000 2.000079000
