320
1 0 3 100 2000000 2.000000000
2 0 3 100 9000000 2.000000400
3 0 3 100 4000000 2.000000500
4 0 3 100 5000000 2.000000600
5 0 3 100 3000000 2.000000800
6 0 3 100 1000000 2.000000900
7 0 3 100 8000000 2.000001300
8 0 3 100 8000000 2.000001700
9 0 3 100 2000000 2.000002100
10 0 3 100 7000000 2.000002500
11 0 3 100 7000000 2.000002700
12 0 3 100 9000000 2.000003100
13 0 3 100 9000000 2.000003500
14 0 3 100 8000000 2.000003700
15 0 3 100 7000000 2.000004000
16 0 3 100 8000000 2.000004300
17 0 3 100 1000000 2.000004700
18 0 3 100 5000000 2.000005000
19 0 3 100 5000000 2.000005400
20 0 3 100 9000000 2.000005700
21 0 3 100 5000000 2.000005900
22 0 3 100 5000000 2.000006300
23 0 3 100 1000000 2.000006600
24 0 3 100 3000000 2.000006800
25 0 3 100 3000000 2.000006900
26 0 3 100 9000000 2.000007100
27 0 3 100 3000000 2.000007500
28 0 3 100 7000000 2.000007600
29 0 3 100 4000000 2.000007900
30 0 3 100 9000000 2.000008300
31 0 3 100 4000000 2.000008700
32 0 3 100 10000000 2.000009000
33 0 3 100 1000000 2.000009400
34 0 3 100 1000000 2.000009700
35 0 3 100 9000000 2.000010100
36 0 3 100 5000000 2.000010300
37 0 3 100 3000000 2.000010500
38 0 3 100 9000000 2.000010700
39 0 3 100 7000000 2.000011000
40 0 3 100 6000000 2.000011400
41 0 3 100 1000000 2.000011600
42 0 3 100 5000000 2.000012000
43 0 3 100 10000000 2.000012100
44 0 3 100 7000000 2.000012200
45 0 3 100 1000000 2.000012300
46 0 3 100 8000000 2.000012500
47 0 3 100 9000000 2.000012800
48 0 3 100 6000000 2.000013000
49 0 3 100 4000000 2.000013200
50 0 3 100 2000000 2.000013400
51 0 3 100 2000000 2.000013500
52 0 3 100 4000000 2.000013600
53 0 3 100 3000000 2.000013900
54 0 3 100 8000000 2.000014200
55 0 3 100 1000000 2.000014600
56 0 3 100 8000000 2.000015000
57 0 3 100 8000000 2.000015100
58 0 3 100 7000000 2.000015200
59 0 3 100 1000000 2.000015400
60 0 3 100 9000000 2.000015800
61 0 3 100 2000000 2.000015900
62 0 3 100 10000000 2.000016000
63 0 3 100 6000000 2.000016200
64 0 3 100 8000000 2.000016500
1 0 3 100 10000000 2.000016600
2 0 3 100 2000000 2.000016800
3 0 3 100 3000000 2.000017200
4 0 3 100 4000000 2.000017500
5 0 3 100 10000000 2.000017700
6 0 3 100 6000000 2.000017900
7 0 3 100 4000000 2.000018000
8 0 3 100 5000000 2.000018300
9 0 3 100 7000000 2.000018700
10 0 3 100 9000000 2.000019100
11 0 3 100 8000000 2.000019500
12 0 3 100 4000000 2.000019600
13 0 3 100 1000000 2.000019800
14 0 3 100 1000000 2.000019900
15 0 3 100 8000000 2.000020300
16 0 3 100 8000000 2.000020500
17 0 3 100 6000000 2.000020800
18 0 3 100 8000000 2.000021100
19 0 3 100 7000000 2.000021400
20 0 3 100 9000000 2.000021700
21 0 3 100 3000000 2.000022100
22 0 3 100 1000000 2.000022200
23 0 3 100 6000000 2.000022600
24 0 3 100 4000000 2.000022700
25 0 3 100 3000000 2.000022900
26 0 3 100 2000000 2.000023300
27 0 3 100 8000000 2.000023700
28 0 3 100 4000000 2.000023900
29 0 3 100 6000000 2.000024100
30 0 3 100 10000000 2.000024500
31 0 3 100 9000000 2.000024800
32 0 3 100 1000000 2.000025000
33 0 3 100 10000000 2.000025100
34 0 3 100 6000000 2.000025500
35 0 3 100 10000000 2.000025700
36 0 3 100 4000000 2.000026000
37 0 3 100 6000000 2.000026100
38 0 3 100 3000000 2.000026300
39 0 3 100 9000000 2.000026700
40 0 3 100 10000000 2.000026900
41 0 3 100 8000000 2.000027000
42 0 3 100 9000000 2.000027400
43 0 3 100 7000000 2.000027700
44 0 3 100 9000000 2.000027900
45 0 3 100 5000000 2.000028100
46 0 3 100 10000000 2.000028400
47 0 3 100 5000000 2.000028800
48 0 3 100 8000000 2.000029200
49 0 3 100 10000000 2.000029600
50 0 3 100 4000000 2.000030000
51 0 3 100 4000000 2.000030200
52 0 3 100 5000000 2.000030500
53 0 3 100 6000000 2.000030600
54 0 3 100 6000000 2.000030800
55 0 3 100 7000000 2.000031000
56 0 3 100 6000000 2.000031400
57 0 3 100 8000000 2.000031500
58 0 3 100 6000000 2.000031900
59 0 3 100 1000000 2.000032000
60 0 3 100 2000000 2.000032300
61 0 3 100 2000000 2.000032700
62 0 3 100 8000000 2.000033000
63 0 3 100 10000000 2.000033300
64 0 3 100 6000000 2.000033700
1 0 3 100 2000000 2.000034000
2 0 3 100 3000000 2.000034300
3 0 3 100 9000000 2.000034600
4 0 3 100 9000000 2.000034900
5 0 3 100 7000000 2.000035200
6 0 3 100 8000000 2.000035600
7 0 3 100 8000000 2.000036000
8 0 3 100 6000000 2.000036200
9 0 3 100 3000000 2.000036400
10 0 3 100 6000000 2.000036600
11 0 3 100 10000000 2.000036800
12 0 3 100 3000000 2.000037200
13 0 3 100 1000000 2.000037300
14 0 3 100 9000000 2.000037600
15 0 3 100 1000000 2.000037900
16 0 3 100 6000000 2.000038200
17 0 3 100 10000000 2.000038300
18 0 3 100 4000000 2.000038400
19 0 3 100 5000000 2.000038800
20 0 3 100 4000000 2.000038900
21 0 3 100 4000000 2.000039100
22 0 3 100 5000000 2.000039200
23 0 3 100 7000000 2.000039300
24 0 3 100 9000000 2.000039700
25 0 3 100 5000000 2.000040100
26 0 3 100 5000000 2.000040400
27 0 3 100 3000000 2.000040500
28 0 3 100 7000000 2.000040800
29 0 3 100 2000000 2.000041100
30 0 3 100 8000000 2.000041400
31 0 3 100 10000000 2.000041500
32 0 3 100 10000000 2.000041900
33 0 3 100 6000000 2.000042200
34 0 3 100 7000000 2.000042500
35 0 3 100 6000000 2.000042700
36 0 3 100 1000000 2.000043000
37 0 3 100 2000000 2.000043100
38 0 3 100 5000000 2.000043500
39 0 3 100 10000000 2.000043800
40 0 3 100 7000000 2.000044200
41 0 3 100 10000000 2.000044600
42 0 3 100 4000000 2.000045000
43 0 3 100 10000000 2.000045400
44 0 3 100 6000000 2.000045600
45 0 3 100 8000000 2.000045900
46 0 3 100 2000000 2.000046200
47 0 3 100 4000000 2.000046600
48 0 3 100 9000000 2.000047000
49 0 3 100 4000000 2.000047100
50 0 3 100 6000000 2.000047300
51 0 3 100 8000000 2.000047500
52 0 3 100 7000000 2.000047900
53 0 3 100 10000000 2.000048000
54 0 3 100 7000000 2.000048300
55 0 3 100 8000000 2.000048400
56 0 3 100 9000000 2.000048600
57 0 3 100 1000000 2.000048700
58 0 3 100 1000000 2.000048900
59 0 3 100 3000000 2.000049300
60 0 3 100 3000000 2.000049600
61 0 3 100 7000000 2.000049900
62 0 3 100 1000000 2.000050300
63 0 3 100 1000000 2.000050400
64 0 3 100 2000000 2.000050700
1 0 3 100 8000000 2.000051000
2 0 3 100 7000000 2.000051200
3 0 3 100 4000000 2.000051300
4 0 3 100 7000000 2.000051700
5 0 3 100 4000000 2.000051800
6 0 3 100 7000000 2.000052200
7 0 3 100 4000000 2.000052400
8 0 3 100 9000000 2.000052700
9 0 3 100 7000000 2.000052800
10 0 3 100 8000000 2.000053000
11 0 3 100 9000000 2.000053100
12 0 3 100 10000000 2.000053400
13 0 3 100 8000000 2.000053600
14 0 3 100 2000000 2.000053800
15 0 3 100 4000000 2.000054200
16 0 3 100 8000000 2.000054600
17 0 3 100 7000000 2.000054900
18 0 3 100 1000000 2.000055100
19 0 3 100 2000000 2.000055200
20 0 3 100 10000000 2.000055500
21 0 3 100 7000000 2.000055600
22 0 3 100 8000000 2.000055800
23 0 3 100 3000000 2.000056100
24 0 3 100 1000000 2.000056200
25 0 3 100 2000000 2.000056400
26 0 3 100 4000000 2.000056700
27 0 3 100 3000000 2.000057100
28 0 3 100 8000000 2.000057200
29 0 3 100 6000000 2.000057500
30 0 3 100 8000000 2.000057900
31 0 3 100 9000000 2.000058200
32 0 3 100 7000000 2.000058600
33 0 3 100 10000000 2.000058700
34 0 3 100 5000000 2.000058800
35 0 3 100 7000000 2.000059000
36 0 3 100 2000000 2.000059400
37 0 3 100 2000000 2.000059800
38 0 3 100 3000000 2.000059900
39 0 3 100 9000000 2.000060300
40 0 3 100 2000000 2.000060400
41 0 3 100 10000000 2.000060500
42 0 3 100 10000000 2.000060600
43 0 3 100 3000000 2.000060700
44 0 3 100 9000000 2.000061000
45 0 3 100 3000000 2.000061100
46 0 3 100 8000000 2.000061300
47 0 3 100 3000000 2.000061500
48 0 3 100 8000000 2.000061800
49 0 3 100 3000000 2.000062100
50 0 3 100 8000000 2.000062200
51 0 3 100 3000000 2.000062300
52 0 3 100 3000000 2.000062600
53 0 3 100 9000000 2.000063000
54 0 3 100 4000000 2.000063200
55 0 3 100 6000000 2.000063400
56 0 3 100 5000000 2.000063500
57 0 3 100 5000000 2.000063700
58 0 3 100 5000000 2.000063800
59 0 3 100 2000000 2.000063900
60 0 3 100 8000000 2.000064300
61 0 3 100 1000000 2.000064500
62 0 3 100 5000000 2.000064800
63 0 3 100 4000000 2.000065000
64 0 3 100 3000000 2.000065400
1 0 3 100 1000000 2.000065500
2 0 3 100 3000000 2.000065700
3 0 3 100 10000000 2.000066000
4 0 3 100 10000000 2.000066300
5 0 3 100 9000000 2.000066600
6 0 3 100 7000000 2.000066800
7 0 3 100 5000000 2.000066900
8 0 3 100 3000000 2.000067300
9 0 3 100 5000000 2.000067700
10 0 3 100 9000000 2.000068100
11 0 3 100 1000000 2.000068400
12 0 3 100 7000000 2.000068800
13 0 3 100 1000000 2.000069200
14 0 3 100 2000000 2.000069600
15 0 3 100 6000000 2.000069900
16 0 3 100 3000000 2.000070300
17 0 3 100 8000000 2.000070700
18 0 3 100 9000000 2.000070900
19 0 3 100 2000000 2.000071200
20 0 3 100 7000000 2.000071300
21 0 3 100 4000000 2.000071400
22 0 3 100 9000000 2.000071500
23 0 3 100 7000000 2.000071900
24 0 3 100 6000000 2.000072200
25 0 3 100 3000000 2.000072400
26 0 3 100 7000000 2.000072500
27 0 3 100 9000000 2.000072800
28 0 3 100 6000000 2.000073000
29 0 3 100 8000000 2.000073100
30 0 3 100 10000000 2.000073400
31 0 3 100 6000000 2.000073800
32 0 3 100 8000000 2.000074100
33 0 3 100 4000000 2.000074300
34 0 3 100 9000000 2.000074400
35 0 3 100 8000000 2.000074600
36 0 3 100 10000000 2.000074900
37 0 3 100 7000000 2.000075000
38 0 3 100 2000000 2.000075200
39 0 3 100 10000000 2.000075500
40 0 3 100 6000000 2.000075900
41 0 3 100 10000000 2.000076000
42 0 3 100 4000000 2.000076400
43 0 3 100 5000000 2.000076800
44 0 3 100 9000000 2.000077000
45 0 3 100 3000000 2.000077200
46 0 3 100 2000000 2.000077500
47 0 3 100 7000000 2.000077600
48 0 3 100 2000000 2.000077800
49 0 3 100 1000000 2.000078200
50 0 3 100 8000000 2.000078500
51 0 3 100 3000000 2.000078900
52 0 3 100 4000000 2.000079300
53 0 3 100 2000000 2.000079400
54 0 3 100 8000000 2.000079500
55 0 3 100 7000000 2.000079700
56 0 3 100 7000000 2.000080000
57 0 3 100 7000000 2.000080200
58 0 3 100 4000000 2.000080300
59 0 3 100 3000000 2.000080500
60 0 3 100 1000000 2.000080700
61 0 3 100 6000000 2.000080900
62 0 3 100 10000000 2.000081100
63 0 3 100 8000000 2.000081200
64 0 3 100 7000000 2.000081500
