2001982033 270 1 1 1
2002021531 270 1 1 0
2002065687 270 1 1 1
2002099638 270 1 1 0
2002107027 257 1 8 1
2002134399 257 1 8 0
2002145971 270 1 1 1
2002180780 270 1 1 0
2002252670 270 1 1 1
2002267752 257 1 8 1
2002280879 270 1 1 0
2002294034 257 1 8 0
2002352717 270 1 1 1
2002377588 270 1 1 0
2002733423 181 0 1 1
2002762528 181 0 1 0
2002872690 181 0 1 1
2002880753 181 0 1 0
2002895157 260 1 1 1
2002948995 265 1 1 1
2002984064 260 1 1 0
2003006431 6 0 1 1
2003020884 260 1 1 1
2003035510 265 1 1 0
2003062671 260 1 1 0
2003065128 265 1 1 1
2003103921 260 1 1 1
2003119190 265 1 1 0
2003140589 260 1 1 0
2003157035 265 1 1 1
2003176229 260 1 1 1
2003205286 315 1 1 1
2003222723 265 1 1 0
2003228625 6 0 1 0
2003234974 260 1 1 0
2003256838 265 1 1 1
2003262752 6 0 1 1
2003264016 315 1 1 0
2003272244 260 1 1 1
2003302362 315 1 1 1
2003318453 6 0 1 0
2003323513 265 1 1 0
2003329598 260 1 1 0
2003345945 315 1 1 0
2003361285 265 1 1 1
2003365945 260 1 1 1
2003392872 315 1 1 1
2003427697 315 1 1 0
2003429635 265 1 1 0
2003429805 260 1 1 0
2003454889 260 1 1 1
2003465798 265 1 1 1
2003507034 265 1 1 0
2003541566 265 1 1 1
2003639787 260 1 1 0
2003667800 260 1 1 1
2003669699 270 1 1 1
2003675466 265 1 1 0
2003703661 265 1 1 1
2003705328 260 1 1 0
2003744100 265 1 1 0
2003747146 260 1 1 1
2003787568 265 1 1 1
2003790766 260 1 1 0
2003826097 260 1 1 1
2003850231 265 1 1 0
2003881632 265 1 1 1
2003889557 260 1 1 0
2003930197 260 1 1 1
2003936933 305 1 7 1
2003958268 265 1 1 0
2003988399 260 1 1 0
2003993958 265 1 1 1
2004021261 260 1 1 1
2004056333 272 1 1 1
2004071096 272 1 1 0
2004076379 265 1 1 0
2004093765 260 1 1 0
2004102534 267 1 9 1
2004115565 260 1 1 1
2004116563 265 1 1 1
2004125146 270 1 1 0
2004137833 267 1 9 0
2004156895 305 1 7 0
2004174863 270 1 1 1
2004188878 267 1 9 1
2004204315 305 1 7 1
2004208314 265 1 1 0
2004220165 270 1 1 0
2004220683 267 1 9 0
2004226582 75 0 1 1
2004234293 265 1 1 1
2004251001 305 1 7 0
2004268015 6 0 1 1
2004280264 75 0 1 0
2004351963 270 1 1 1
2004376280 305 1 7 1
2004406060 265 1 1 0
2004408473 260 1 1 0
2004429444 265 1 1 1
2004430337 75 0 1 1
2004468327 260 1 1 1
2004473019 265 1 1 0
2004514743 265 1 1 1
2004517520 260 1 1 0
2004552841 260 1 1 1
2004552960 265 1 1 0
2004586741 265 1 1 1
2004589067 260 1 1 0
2004613051 271 1 2 1
2004620369 265 1 1 0
2004630528 260 1 1 1
2004634935 6 0 1 0
2004648973 271 1 2 0
2004682758 271 1 2 1
2004683472 260 1 1 0
2004692046 271 1 2 0
2004695956 265 1 1 1
2004719997 260 1 1 1
2004755534 265 1 1 0
2004799690 265 1 1 1
2004822887 265 1 1 0
2004832612 260 1 1 0
2004851862 265 1 1 1
2004855351 270 1 1 0
2004858929 260 1 1 1
2004897747 285 1 7 1
2004925831 305 1 7 0
2004925871 270 1 1 1
2004928848 138 0 1 1
2004945545 75 0 1 0
2004954549 305 1 7 1
2004964783 138 0 1 0
2004985440 265 1 1 0
2004986771 75 0 1 1
2004998465 270 1 1 0
2005021811 265 1 1 1
2005039493 305 1 7 0
2005045538 30 0 1 1
2005068420 75 0 1 0
2005083768 30 0 1 0
2005100708 345 1 7 1
2005103071 305 1 7 1
2005122891 30 0 1 1
2005126885 305 1 7 0
2005143525 270 1 1 1
2005161463 30 0 1 0
2005170377 305 1 7 1
2005183039 260 1 1 0
2005183130 265 1 1 0
2005207200 265 1 1 1
2005210715 30 0 1 1
2005246975 30 0 1 0
2005247285 260 1 1 1
2005251788 265 1 1 0
2005276898 355 1 7 1
2005286834 265 1 1 1
2005291625 260 1 1 0
2005295759 30 0 1 1
2005323205 260 1 1 1
2005323785 265 1 1 0
2005331524 30 0 1 0
2005347025 265 1 1 1
2005351269 260 1 1 0
2005378383 265 1 1 0
2005378506 121 0 1 1
2005388552 260 1 1 1
2005409679 271 1 1 1
2005429661 260 1 1 0
2005439768 121 0 1 0
2005451912 271 1 1 0
2005462640 260 1 1 1
2005489444 6 0 1 1
2005501730 271 1 1 1
2005512286 182 0 1 1
2005524590 260 1 1 0
2005528715 271 1 1 0
2005549739 260 1 1 1
2005561307 270 1 1 0
2005595297 305 1 7 0
2005597240 177 0 1 1
2005609412 275 1 3 1
2005626296 270 1 1 1
2005644286 275 1 3 0
2005655310 305 1 7 1
2005666770 270 1 1 0
2005667807 29 0 1 1
2005700759 355 1 7 0
2005713776 275 1 3 1
2005723169 355 1 7 1
2005739613 275 1 3 0
2005739727 285 1 7 0
2005809971 270 1 1 1
2005818798 271 1 1 1
2005824342 260 1 1 0
2005840089 285 1 7 1
2005840365 271 1 1 0
2005877896 286 1 2 1
2005878154 6 0 1 0
2005895215 260 1 1 1
2005904928 260 1 7 1
2005907832 286 1 2 0
2005938010 260 1 7 0
2005960087 250 1 4 1
2005971383 260 1 1 0
2005980743 250 1 4 0
2005995335 286 1 2 1
2006010104 260 1 1 1
2006019009 260 1 7 1
2006023374 286 1 2 0
2006042602 260 1 7 0
2006062004 260 1 1 0
2006103007 260 1 1 1
2006109381 201 0 1 1
2006112817 75 0 1 1
2006171359 260 1 1 0
2006171957 23 0 1 1
2006179534 286 1 2 1
2006200980 286 1 2 0
2006212373 23 0 1 0
2006215415 260 1 1 1
2006225161 252 1 8 1
2006243720 260 1 1 0
2006253151 23 0 1 1
2006270942 260 1 1 1
2006271281 270 1 1 0
2006271714 252 1 8 0
2006296670 23 0 1 0
2006302262 252 1 8 1
2006303933 272 1 1 1
2006310338 285 1 7 0
2006315073 345 1 1 1
2006336155 345 1 7 0
2006337352 23 0 1 1
2006346541 272 1 1 0
2006352889 252 1 8 0
2006355837 29 0 1 0
2006367280 345 1 7 1
2006374146 23 0 1 0
2006382401 272 1 1 1
2006398259 345 1 1 0
2006418275 23 0 1 1
2006423558 345 1 7 0
2006431207 272 1 1 0
2006431917 345 1 1 1
2006446921 265 1 8 1
2006454129 23 0 1 0
2006454914 182 0 1 0
2006466731 272 1 1 1
2006477613 345 1 7 1
2006481485 305 1 7 0
2006497212 270 1 1 1
2006497796 75 0 1 0
2006502580 345 1 1 0
2006505067 260 1 1 0
2006505622 182 0 1 1
2006517343 272 1 1 0
2006523151 305 1 7 1
2006532958 345 1 1 1
2006551495 272 1 1 1
2006592739 295 1 1 1
2006595737 75 0 1 1
2006599241 272 1 1 0
2006601262 345 1 1 0
2006621620 265 1 8 0
2006633134 345 1 1 1
2006633939 272 1 1 1
2006637268 295 1 1 0
2006654895 265 1 8 1
2006658695 272 1 1 0
2006675962 295 1 1 1
2006695192 345 1 1 0
2006712047 295 1 1 0
2006732625 345 1 1 1
2006740932 265 1 8 0
2006762979 265 1 8 1
2006779565 345 1 1 0
2006790959 270 1 1 0
2006813495 355 1 7 0
2006825679 265 1 8 0
2006832087 345 1 7 0
2006834786 201 0 1 0
2006841389 295 1 1 1
2006845881 345 1 1 1
2006848506 286 1 2 1
2006862276 355 1 7 1
2006862591 182 0 1 0
2006864607 295 1 1 0
2006864856 28 0 1 1
2006864990 286 1 2 0
2006866728 265 1 8 1
2006867914 345 1 1 0
2006870321 30 0 1 1
2006873587 345 1 7 1
2006905803 355 1 7 0
2006908565 182 0 1 1
2006910377 345 1 7 0
2006911509 265 1 8 0
2006918705 193 0 1 1
2006918989 28 0 1 0
2006920845 345 1 1 1
2006926944 190 0 1 1
2006934235 30 0 1 0
2006945278 265 1 8 1
2006948382 355 1 7 1
2006949367 28 0 1 1
2006953274 345 1 1 0
2006962716 30 0 1 1
2006963353 177 0 1 0
2006971258 193 0 1 0
2006977009 190 0 1 0
2006978713 345 1 1 1
2006979267 305 1 7 0
2006986431 182 0 1 0
2006997029 355 1 7 0
2007003144 345 1 1 0
2007007103 193 0 1 1
2007011019 75 0 1 0
2007011710 190 0 1 1
2007016073 28 0 1 0
2007017201 305 1 7 1
2007017416 265 1 8 0
2007025000 355 1 7 1
2007025908 30 0 1 0
2007030186 270 1 1 1
2007046621 28 0 1 1
2007050896 295 1 1 1
2007052222 75 0 1 1
2007054493 30 0 1 1
2007055631 193 0 1 0
2007059631 190 0 1 0
2007072060 345 1 7 1
2007074640 201 0 1 1
2007082120 295 1 1 0
2007092496 193 0 1 1
2007094045 190 0 1 1
2007103152 29 0 1 1
2007105796 345 1 1 1
2007115752 28 0 1 0
2007119917 30 0 1 0
2007123044 270 1 1 0
2007123234 265 1 8 1
2007126802 345 1 1 0
2007141580 193 0 1 0
2007143497 190 0 1 0
2007147885 28 0 1 1
2007151227 30 0 1 1
2007154902 295 1 1 1
2007163783 345 1 7 0
2007174241 305 1 7 0
2007174247 29 0 1 0
2007176459 193 0 1 1
2007177472 190 0 1 1
2007180067 295 1 1 0
2007183786 355 1 7 0
2007195300 265 1 8 0
2007198742 75 0 1 0
2007199018 201 0 1 0
2007202728 29 0 1 1
2007203718 28 0 1 0
2007205781 305 1 7 1
2007206083 30 0 1 0
2007208520 345 1 7 1
2007209184 355 1 7 1
2007215232 286 1 2 1
2007220346 270 1 1 1
2007226975 193 0 1 0
2007228308 190 0 1 0
2007236897 286 1 2 0
2007246656 28 0 1 1
2007252387 270 1 1 0
2007262297 75 0 1 1
2007267233 190 0 1 1
2007270501 29 0 1 0
2007273462 28 0 1 0
2007279149 295 1 1 1
2007288945 355 1 7 0
2007290771 305 1 7 0
2007301875 29 0 1 1
2007303515 295 1 1 0
2007304174 270 1 1 1
2007307127 75 0 1 0
2007310999 190 0 1 0
2007318742 355 1 7 1
2007329012 305 1 7 1
2007339143 270 1 1 0
2007354748 190 0 1 1
2007370387 29 0 1 0
2007385012 355 1 7 0
2007387957 270 1 1 1
2007392627 190 0 1 0
2007402477 75 0 1 1
2007411658 29 0 1 1
2007415816 355 1 7 1
2007425704 270 1 1 0
2007435873 305 1 7 0
2007443033 190 0 1 1
2007463650 75 0 1 0
2007463701 29 0 1 0
2007467243 270 1 1 1
2007481650 190 0 1 0
2007498882 305 1 7 1
2007533612 29 0 1 1
2007534413 190 0 1 1
2007576178 270 1 1 0
2007576974 190 0 1 0
2007591166 75 0 1 1
2007595333 29 0 1 0
2007604810 261 1 5 1
2007621564 190 0 1 1
2007622037 355 1 7 0
2007646522 355 1 7 1
2007654862 270 1 1 1
2007658228 190 0 1 0
2007662621 29 0 1 1
2007676608 261 1 5 0
2007686730 270 1 1 0
2007703175 260 1 4 1
2007706074 261 1 5 1
2007718934 29 0 1 0
2007743841 124 0 1 1
2007745098 120 0 1 1
2007747688 260 1 4 0
2007748814 270 1 1 1
2007753745 121 0 1 1
2007760322 272 1 5 1
2007767362 270 1 1 0
2007773478 261 1 5 0
2007774386 29 0 1 1
2007791264 260 1 4 1
2007797143 345 1 7 0
2007809763 261 1 5 1
2007831583 124 0 1 0
2007831836 120 0 1 0
2007831874 260 1 4 0
2007832101 29 0 1 0
2007840753 121 0 1 0
2007853715 261 1 5 0
2007857898 124 0 1 1
2007858138 120 0 1 1
2007860230 29 0 1 1
2007864894 121 0 1 1
2007871189 270 1 1 1
2007876167 260 1 4 1
2007881759 256 1 5 1
2007889372 261 1 5 1
2007905249 270 1 1 0
2007909280 29 0 1 0
2007916282 260 1 4 0
2007916912 305 1 7 0
2007924638 272 1 5 0
2007927343 261 1 5 0
2007929156 75 0 1 0
2007929557 256 1 5 0
2007948124 29 0 1 1
2007949787 272 1 5 1
2007963084 256 1 5 1
2007966958 124 0 1 0
2007968041 120 0 1 0
2007971324 261 1 5 1
2007973629 260 1 4 1
2007975447 355 1 7 0
2007975784 121 0 1 0
2007978254 29 0 1 0
2007989455 305 1 7 1
2007994573 120 0 1 1
2007996237 270 1 1 1
2007997150 260 1 4 0
2007999689 120 0 1 0
2008006922 261 1 5 0
2008017694 121 0 1 1
2008018441 355 1 7 1
2008019649 256 1 5 0
2008021204 270 1 1 0
2008021619 262 1 5 1
2008029329 345 1 7 1
2008039416 121 0 1 0
2008039582 272 1 5 0
2008052044 256 1 5 1
2008055221 345 1 7 0
2008056316 261 1 5 1
2008066304 260 1 1 1
2008068715 272 1 5 1
2008077978 355 1 7 0
2008090660 261 1 5 0
2008101175 270 1 1 1
2008101701 345 1 7 1
2008106990 256 1 5 0
2008114088 260 1 1 0
2008126890 355 1 7 1
2008127885 261 1 5 1
2008139237 270 1 1 0
2008147298 272 1 5 0
2008151459 260 1 1 1
2008159319 345 1 7 0
2008177707 271 1 1 1
2008179943 270 1 1 1
2008182075 272 1 5 1
2008194343 261 1 5 0
2008199394 260 1 1 0
2008200554 345 1 7 1
2008219526 270 1 1 0
2008223120 261 1 5 1
2008232455 271 1 1 0
2008243596 270 1 1 1
2008248121 305 1 7 0
2008256115 272 1 5 0
2008265282 271 1 1 1
2008265713 260 1 1 1
2008270614 305 1 7 1
2008280728 261 1 5 0
2008291556 272 1 5 1
2008299492 45 0 1 1
2008302763 270 1 1 0
2008308564 260 1 1 0
2008317125 271 1 1 0
2008320491 261 1 5 1
2008327208 355 1 7 0
2008337852 45 0 1 0
2008342105 270 1 1 1
2008345747 260 1 1 1
2008359444 271 1 1 1
2008359578 355 1 7 1
2008360106 255 1 2 1
2008365795 272 1 5 0
2008366589 266 1 1 1
2008370705 90 0 1 1
2008376444 261 1 5 0
2008384138 270 1 1 0
2008384165 255 1 2 0
2008386982 271 1 1 0
2008387207 271 1 4 1
2008389809 260 1 1 0
2008397645 345 1 7 0
2008401485 272 1 5 1
2008404377 90 0 1 0
2008421616 271 1 4 0
2008423339 260 1 1 1
2008430886 270 1 1 1
2008431925 305 1 7 0
2008444336 345 1 7 1
2008455497 305 1 7 1
2008455746 260 1 1 0
2008470334 271 1 4 1
2008475425 90 0 1 1
2008476115 272 1 5 0
2008486249 260 1 1 1
2008490798 271 1 1 1
2008499927 90 0 1 0
2008500604 270 1 1 0
2008506597 271 1 4 0
2008510394 272 1 5 1
2008512023 201 0 1 1
2008524572 262 1 1 1
2008529058 255 1 2 1
2008529870 271 1 1 0
2008531231 275 1 1 1
2008541361 270 1 1 1
2008550964 255 1 2 0
2008551108 266 1 1 0
2008555663 271 1 4 1
2008563699 271 1 1 1
2008568951 262 1 1 0
2008573247 275 1 1 0
2008578966 272 1 5 0
2008581871 266 1 1 1
2008590004 271 1 4 0
2008606799 262 1 1 1
2008611169 262 1 5 0
2008612999 275 1 1 1
2008614250 270 1 1 0
2008616316 272 1 5 1
2008618726 266 1 1 0
2008625581 355 1 7 0
2008626409 271 1 4 1
2008626419 90 0 1 1
2008632955 285 1 5 1
2008635498 270 1 1 1
2008637363 316 1 7 1
2008637586 265 1 1 1
2008639691 305 1 7 0
2008649876 201 0 1 0
2008650290 75 0 1 1
2008651197 75 0 1 0
2008653058 265 1 8 1
2008653122 90 0 1 0
2008655240 262 1 1 0
2008656085 275 1 1 0
2008657658 355 1 7 1
2008663189 305 1 7 1
2008664753 271 1 4 0
2008666079 250 1 8 1
2008672145 252 1 8 1
2008673698 182 0 1 1
2008675965 260 1 1 0
2008677001 198 0 1 1
2008683600 266 1 1 1
2008689658 271 1 1 0
2008692009 262 1 1 1
2008692697 75 0 1 1
2008693864 265 1 8 0
2008695440 275 1 1 1
2008697587 201 0 1 1
2008708106 250 1 8 0
2008708700 285 1 5 0
2008712825 345 1 1 1
2008715895 271 1 4 1
2008715975 260 1 1 1
2008718847 316 1 7 0
2008721847 262 1 5 1
2008726430 271 1 1 1
2008727924 266 1 1 0
2008730054 265 1 8 1
2008731477 252 1 8 0
2008734836 250 1 8 1
2008734888 198 0 1 0
2008735555 296 1 6 1
2008736301 262 1 1 0
2008736458 75 0 1 0
2008739758 275 1 1 0
2008744675 285 1 5 1
2008751635 271 1 4 0
2008758147 296 1 6 0
2008762922 262 1 5 0
2008763501 316 1 7 1
2008764710 252 1 8 1
2008765848 270 1 1 0
2008774825 262 1 1 1
2008779093 275 1 1 1
2008779962 75 0 1 1
2008780692 345 1 1 0
2008790168 271 1 4 1
2008807363 270 1 1 1
2008808279 270 1 3 1
2008810665 345 1 1 1
2008812621 266 1 1 1
2008813473 355 1 7 0
2008815597 75 0 1 0
2008823543 252 1 8 0
2008824015 262 1 1 0
2008824139 275 1 1 0
2008826302 262 1 5 1
2008827542 271 1 4 0
2008829154 270 1 3 0
2008830249 271 1 1 0
2008834638 355 1 7 1
2008835313 272 1 5 0
2008836822 201 0 1 0
2008842938 296 1 6 1
2008847084 75 0 1 1
2008848526 262 1 5 0
2008854050 260 1 1 0
2008854197 266 1 1 0
2008855271 252 1 8 1
2008860794 272 1 5 1
2008862142 316 1 7 0
2008863343 262 1 1 1
2008866046 275 1 1 1
2008867898 271 1 4 1
2008868896 345 1 1 0
2008874683 201 0 1 1
2008875870 271 1 1 1
2008876875 75 0 1 0
2008882880 260 1 1 1
2008884489 296 1 6 0
2008887026 285 1 5 0
2008890461 250 1 8 0
2008891460 265 1 8 0
2008892911 345 1 6 1
2008900295 345 1 1 1
2008902886 266 1 1 1
2008903076 316 1 7 1
2008908678 262 1 1 0
2008910330 252 1 8 0
2008912677 285 1 5 1
2008912912 275 1 1 0
2008919873 271 1 1 0
2008920247 265 1 8 1
2008921921 271 1 4 0
2008933060 296 1 6 1
2008936801 75 0 1 1
2008943132 252 1 8 1
2008944634 316 1 7 0
2008947785 250 1 8 1
2008951589 262 1 1 1
2008956742 275 1 1 1
2008959137 345 1 1 0
2008961142 75 0 1 0
2008965437 272 1 5 0
2008977073 250 1 8 0
2008991512 345 1 1 1
2008995774 252 1 8 0
2009001257 262 1 1 0
2009002182 275 1 1 0
2009011695 250 1 1 1
2009019343 260 1 1 0
2009029416 252 1 8 1
2009031789 272 1 5 1
2009032066 272 1 5 0
2009039992 262 1 1 1
2009040026 272 1 5 1
2009040451 272 1 5 0
2009044191 275 1 1 1
2009044820 272 1 5 1
2009045194 270 1 1 0
2009049661 345 1 1 0
2009051706 285 1 5 0
2009054710 260 1 1 1
2009056691 305 1 7 0
2009063903 183 0 1 1
2009066420 272 1 5 0
2009069181 270 1 1 1
2009071017 271 1 1 1
2009081921 345 1 1 1
2009082987 315 1 1 1
2009084187 285 1 5 1
2009085463 252 1 8 0
2009085489 266 1 1 0
2009088076 305 1 7 1
2009097368 275 1 1 0
2009099981 262 1 1 0
2009115975 296 1 6 0
2009119657 252 1 8 1
2009125188 64 0 1 1
2009137467 275 1 1 1
2009139348 345 1 1 0
2009147240 64 0 1 0
2009150766 265 1 8 0
2009159034 272 1 5 1
2009160166 75 0 1 1
2009171307 345 1 1 1
2009175476 252 1 8 0
2009179067 275 1 1 0
2009181674 272 1 5 0
2009185740 257 1 2 1
2009186081 266 1 1 1
2009188080 265 1 8 1
2009190748 270 1 1 0
2009191282 260 1 1 0
2009192059 271 1 1 0
2009200369 75 0 1 0
2009207609 257 1 2 0
2009209051 355 1 7 0
2009209499 252 1 8 1
2009216043 296 1 6 1
2009221597 272 1 5 1
2009222042 201 0 1 0
2009223945 285 1 5 0
2009225781 260 1 1 1
2009226995 265 1 5 1
2009227517 270 1 1 1
2009229102 271 1 1 1
2009229437 345 1 1 0
2009233289 275 1 1 1
2009234825 266 1 1 0
2009239132 64 0 1 1
2009243040 75 0 1 1
2009249182 355 1 7 1
2009254367 285 1 5 1
2009261259 345 1 1 1
2009265252 252 1 8 0
2009267587 296 1 6 0
2009273913 275 1 1 0
2009287463 325 1 3 1
2009298828 252 1 8 1
2009301987 64 0 1 0
2009309958 75 0 1 0
2009310838 260 1 1 0
2009312408 270 1 1 0
2009313473 266 1 1 1
2009319050 345 1 1 0
2009321342 275 1 1 1
2009326229 305 1 7 0
2009330060 285 1 5 0
2009335590 260 1 1 1
2009336520 265 1 8 0
2009337571 271 1 1 0
2009338459 296 1 6 1
2009342575 315 1 1 0
2009342703 270 1 1 1
2009351879 109 0 1 1
2009353382 275 1 1 0
2009372988 305 1 7 1
2009375969 271 1 1 1
2009377194 266 1 1 0
2009379055 252 1 8 0
2009380218 345 1 1 1
2009384926 265 1 8 1
2009388391 109 0 1 0
2009394440 265 1 1 0
2009398463 285 1 5 1
2009403661 271 1 7 1
2009405161 140 0 1 1
2009412800 296 1 6 0
2009419226 266 1 1 1
2009423635 252 1 8 1
2009425399 271 1 1 0
2009425887 285 1 5 0
2009430917 260 1 1 0
2009432441 265 1 5 0
2009433500 109 0 1 1
2009434157 265 1 1 1
2009439142 138 0 1 1
2009443074 345 1 6 0
2009443925 345 1 1 0
2009447747 296 1 6 1
2009448021 140 0 1 0
2009460724 260 1 1 1
2009460803 271 1 7 0
2009460991 272 1 5 0
2009461294 183 0 1 0
2009463286 265 1 1 0
2009464239 345 1 6 1
2009468795 265 1 5 1
2009470912 252 1 8 0
2009475722 138 0 1 0
2009475726 345 1 1 1
2009476004 109 0 1 0
2009488807 325 1 6 1
2009492091 140 0 1 1
2009492617 272 1 5 1
2009494869 345 1 6 0
2009495401 256 1 7 1
2009502888 271 1 7 1
2009505035 265 1 1 1
2009507202 270 1 1 0
2009509240 132 0 1 1
2009513461 265 1 5 0
2009514652 109 0 1 1
2009518197 345 1 1 0
2009519047 138 0 1 1
2009521330 256 1 7 0
2009530021 265 1 8 0
2009532382 140 0 1 0
2009534875 345 1 6 1
2009535149 105 0 1 1
2009538180 271 1 7 0
2009539778 201 0 1 1
2009543394 325 1 6 0
2009545995 265 1 1 0
2009548870 251 1 1 1
2009550550 270 1 1 1
2009551236 265 1 5 1
2009553152 345 1 1 1
2009555920 138 0 1 0
2009556491 109 0 1 0
2009568173 265 1 8 1
2009572349 345 1 6 0
2009579389 266 1 1 0
2009580702 140 0 1 1
2009582009 265 1 5 0
2009584477 285 1 5 1
2009585411 345 1 1 0
2009586841 325 1 6 1
2009588247 109 0 1 1
2009590898 109 0 1 0
2009592076 271 1 1 1
2009595924 270 1 2 1
2009596189 272 1 5 0
2009599161 325 1 1 1
2009601499 138 0 1 1
2009610053 296 1 6 0
2009611766 325 1 6 0
2009618311 140 0 1 0
2009620604 345 1 1 1
2009630419 325 1 1 0
2009633520 270 1 2 0
2009633788 272 1 5 1
2009634164 138 0 1 0
2009647085 260 1 2 1
2009650741 265 1 1 1
2009651696 345 1 1 0
2009657788 265 1 5 1
2009660637 271 1 1 0
2009662404 270 1 2 1
2009663653 270 1 1 0
2009674393 140 0 1 1
2009677716 265 1 8 0
2009680451 266 1 1 1
2009681143 345 1 6 1
2009684644 325 1 6 1
2009685150 270 1 1 1
2009686450 345 1 1 1
2009687638 345 1 7 0
2009687843 265 1 5 0
2009689851 260 1 1 0
2009690113 315 1 1 1
2009690428 272 1 5 0
2009698558 105 0 1 0
2009700561 325 1 1 1
2009707767 182 0 1 0
2009709159 140 0 1 0
2009710324 296 1 6 1
2009714071 265 1 5 1
2009714449 257 1 6 1
2009716190 345 1 7 1
2009716253 266 1 1 0
2009716687 325 1 6 0
2009718285 345 1 1 0
2009720227 270 1 2 0
2009721455 285 1 5 0
2009721764 265 1 8 1
2009722960 105 0 1 1
2009724850 325 1 1 0
2009726398 260 1 2 0
2009730308 260 1 1 1
2009731285 270 1 1 0
2009745654 325 1 6 1
2009746280 296 1 6 0
2009746558 296 1 4 1
2009749347 305 1 7 0
2009752968 345 1 1 1
2009754664 140 0 1 1
2009756913 270 1 2 1
2009757126 285 1 5 1
2009768809 260 1 2 1
2009770160 261 1 3 1
2009770316 250 1 1 0
2009773424 270 1 1 1
2009779408 251 1 1 0
2009780533 345 1 7 0
2009783899 266 1 1 1
2009784145 296 1 4 0
2009784881 345 1 1 0
2009790440 305 1 7 1
2009793892 140 0 1 0
2009795632 261 1 3 0
2009801923 325 1 3 0
2009806053 345 1 7 1
2009806874 275 1 5 1
2009808524 270 1 2 0
2009811290 265 1 8 0
2009811777 325 1 1 1
2009814606 296 1 6 1
2009817452 257 1 6 0
2009819993 345 1 1 1
2009826577 250 1 1 1
2009828877 251 1 1 1
2009832026 132 0 1 0
2009833918 296 1 4 1
2009834125 272 1 5 1
2009834252 260 1 1 0
2009837832 175 0 1 1
2009838674 140 0 1 1
2009840544 260 1 2 0
2009842435 270 1 2 1
2009843734 265 1 8 1
2009852148 345 1 1 0
2009857819 325 1 3 1
2009858590 260 1 1 1
2009861121 250 1 1 0
2009861447 251 1 1 0
2009866754 257 1 6 1
2009868733 325 1 1 0
2009868805 296 1 4 0
2009871299 260 1 2 1
2009874141 266 1 5 1
2009888418 115 0 1 1
2009891459 325 1 3 0
2009891603 140 0 1 0
2009894260 265 1 8 0
2009894454 266 1 1 0
2009895030 132 0 1 1
2009901739 270 1 2 0
2009905023 257 1 6 0
2009906069 325 1 1 1
2009915819 345 1 1 1
2009916696 296 1 4 1
2009917680 255 1 4 1
2009923060 260 1 2 0
2009923928 296 1 6 0
2009924370 132 0 1 0
2009928433 315 1 1 0
2009932074 266 1 5 0
2009933017 270 1 2 1
2009933576 140 0 1 1
2009933680 270 1 8 1
2009935822 265 1 8 1
2009936685 115 0 1 0
2009938804 6 0 1 1
2009944041 266 1 1 1
2009946523 257 1 6 1
2009948163 275 1 5 0
2009948818 345 1 1 0
2009950791 325 1 1 0
2009953412 296 1 4 0
2009954720 260 1 2 1
2009959102 255 1 4 0
2009961107 105 0 1 0
2009967148 266 1 5 1
2009971643 140 0 1 0
2009973789 115 0 1 1
2009976691 296 1 6 1
2009978292 275 1 5 1
2009979833 265 1 8 0
2009980869 265 1 5 0
2009983218 250 1 1 1
2009983647 6 0 1 0
2009985421 257 1 6 0
2009990000 325 1 1 1
2009992433 270 1 2 0
2009995824 286 1 3 1
2009996485 325 1 6 0
2009999588 260 1 2 0
2010002548 296 1 4 1
2010003668 255 1 4 1
2010006887 6 0 1 1
2010014399 325 1 3 1
2010014917 272 1 5 0
2010016367 115 0 1 0
2010016769 266 1 5 0
2010019502 315 1 1 1
2010019526 286 1 3 0
2010022545 265 1 5 1
2010025012 257 1 6 1
2010025295 270 1 2 1
2010032274 132 0 1 1
2010032453 183 0 1 1
2010034612 260 1 2 1
2010034821 140 0 1 1
2010035216 255 1 4 0
2010038321 296 1 4 0
2010042135 275 1 5 0
2010043320 140 0 1 0
2010043374 105 0 1 1
2010043916 261 1 3 1
2010045198 260 1 1 0
2010046764 257 1 6 0
2010053704 266 1 5 1
2010056393 115 0 1 1
2010060328 315 1 1 0
2010061382 325 1 1 0
2010061978 272 1 5 1
2010064578 261 1 3 0
2010064713 275 1 5 1
2010068323 285 1 5 0
2010072293 325 1 6 1
2010074220 6 0 1 0
2010080161 260 1 2 0
2010080687 270 1 1 0
2010081226 260 1 1 1
2010082239 270 1 2 0
2010086783 296 1 4 1
2010089019 4 0 1 1
2010089150 105 0 1 0
2010094306 6 0 1 1
2010095008 115 0 1 0
2010097975 257 1 6 1
2010098876 325 1 1 1
2010100615 266 1 5 0
2010107838 270 1 8 0
2010112010 270 1 2 1
2010114478 285 1 5 1
2010116128 270 1 1 1
2010120438 275 1 5 0
2010123663 296 1 4 0
2010126135 295 1 7 1
2010135609 115 0 1 1
2010138326 6 0 1 0
2010138658 260 1 1 0
2010138807 266 1 5 1
2010139421 257 1 6 0
2010139682 325 1 1 0
2010145161 335 1 7 1
2010146848 272 1 5 0
2010148393 295 1 7 0
2010153950 260 1 2 1
2010168334 345 1 1 1
2010171916 275 1 5 1
2010172226 270 1 1 0
2010178472 260 1 2 0
2010179014 260 1 1 1
2010179344 257 1 6 1
2010179529 325 1 1 1
2010180231 182 0 1 1
2010180973 270 1 8 1
2010183673 115 0 1 0
2010184287 285 1 5 0
2010187688 272 1 5 1
2010189430 345 1 1 0
2010190021 266 1 5 0
2010204928 270 1 1 1
2010210359 257 1 6 0
2010210841 285 1 5 1
2010213963 295 1 7 1
2010218398 275 1 5 0
2010219403 115 0 1 1
2010221319 266 1 1 0
2010225258 325 1 1 0
2010231519 265 1 1 0
2010235342 257 1 6 1
2010235432 270 1 8 0
2010236168 326 1 3 1
2010238385 270 1 2 0
2010251394 296 1 6 0
2010255925 260 1 2 1
2010259775 260 1 1 0
2010260442 272 1 5 0
2010261071 265 1 1 1
2010261616 345 1 6 0
2010265529 295 1 7 0
2010266132 335 1 7 0
2010268792 115 0 1 0
2010275328 270 1 2 1
2010281081 183 0 1 0
2010281653 285 1 5 0
2010283039 4 0 1 0
2010287264 275 1 5 1
2010291142 265 1 1 0
2010293663 260 1 1 1
2010298996 256 1 8 1
2010308761 335 1 7 1
2010310540 270 1 2 0
2010312416 115 0 1 1
2010314875 285 1 5 1
2010317813 183 0 1 1
2010319025 270 1 8 1
2010319990 325 1 1 1
2010321302 4 0 1 1
2010322314 315 1 1 1
2010323925 326 1 3 0
2010324074 265 1 5 0
2010324102 260 1 2 0
2010324662 257 1 6 0
2010329050 271 1 4 1
2010331352 256 1 8 0
2010331816 265 1 1 1
2010334676 270 1 1 0
2010340402 275 1 5 0
2010342130 335 1 7 0
2010342905 175 0 1 0
2010343740 270 1 2 1
2010343924 285 1 5 0
2010346616 105 0 1 1
2010350183 325 1 6 0
2010350687 295 1 7 1
2010354404 115 0 1 0
2010356910 271 1 4 0
2010358200 260 1 2 1
2010359353 265 1 5 1
2010359418 270 1 8 0
2010359950 183 0 1 0
2010362740 257 1 2 1
2010365538 325 1 1 0
2010372068 4 0 1 0
2010374100 285 1 5 1
2010376216 270 1 2 0
2010376614 335 1 7 1
2010377477 265 1 1 0
2010377634 326 1 3 1
2010378425 270 1 1 1
2010387768 295 1 7 0
2010389193 325 1 6 1
2010391128 270 1 8 1
2010391710 183 0 1 1
2010392858 257 1 2 0
2010399429 115 0 1 1
2010399830 275 1 5 1
2010400124 256 1 8 1
2010403070 272 1 5 1
2010403846 335 1 7 0
2010406317 266 1 1 1
2010407175 270 1 2 1
2010417058 315 1 1 0
2010418780 260 1 2 0
2010419295 4 0 1 1
2010423624 295 1 7 1
2010430492 115 0 1 0
2010433173 256 1 8 0
2010434639 275 1 5 0
2010436050 335 1 7 1
2010440331 326 1 3 0
2010443469 296 1 6 1
2010443732 260 1 2 1
2010451455 295 1 1 1
2010453315 285 1 1 1
2010454007 105 0 1 0
2010455236 271 1 4 1
2010458788 257 1 2 1
2010466862 115 0 1 1
2010467628 345 1 1 1
2010475186 4 0 1 0
2010475674 295 1 1 0
2010480615 266 1 1 0
2010482061 270 1 1 0
2010485862 272 1 5 0
2010486040 257 1 2 0
2010486550 265 1 1 1
2010487717 271 1 4 0
2010491399 285 1 1 0
2010493169 345 1 1 0
2010497723 275 1 5 1
2010498787 345 1 7 0
2010499086 23 0 1 1
2010500262 326 1 3 1
2010505983 260 1 1 0
2010506029 115 0 1 0
2010506048 270 1 1 1
2010507988 265 1 2 1
2010511002 296 1 6 0
2010512193 182 0 1 0
2010517366 265 1 5 0
2010525071 270 1 2 0
2010527338 183 0 1 0
2010527388 275 1 5 0
2010528472 4 0 1 1
2010528667 345 1 7 1
2010530120 285 1 5 0
2010531265 266 1 1 1
2010531389 256 1 8 1
2010532881 285 1 1 1
2010535630 326 1 3 0
2010538999 105 0 1 1
2010543562 270 1 8 0
2010543616 260 1 1 1
2010544082 286 1 2 1
2010545373 325 1 6 0
2010547398 270 1 2 1
2010548828 270 1 1 0
2010552958 23 0 1 0
2010553167 115 0 1 1
2010553790 256 1 8 0
2010554902 335 1 7 0
2010558227 4 0 1 0
2010559158 271 1 4 1
2010560839 53 0 1 1
2010561006 296 1 6 1
2010561670 275 1 5 1
2010561985 355 1 7 0
2010566070 285 1 1 0
2010568573 285 1 5 1
2010573594 295 1 7 0
2010576098 260 1 2 0
2010577466 201 0 1 0
2010581133 335 1 7 1
2010586198 4 0 1 1
2010586488 23 0 1 1
2010586905 271 1 4 0
2010588834 270 1 1 1
2010590588 250 1 1 0
2010591313 115 0 1 0
2010595833 275 1 5 0
2010596008 345 1 7 0
2010599501 355 1 7 1
2010603932 53 0 1 0
2010608367 315 1 1 1
2010608524 257 1 2 1
2010612375 260 1 2 1
2010613639 345 1 6 1
2010615045 270 1 2 0
2010615372 285 1 5 0
2010620428 325 1 3 0
2010620666 345 1 7 1
2010622539 265 1 5 1
2010635254 23 0 1 0
2010635897 286 1 2 0
2010637521 115 0 1 1
2010639197 285 1 5 1
2010640648 257 1 2 0
2010642187 275 1 5 1
2010642801 271 1 4 1
2010644803 260 1 1 0
2010645073 335 1 7 0
2010645390 260 1 2 0
2010648107 250 1 1 1
2010649560 325 1 6 1
2010650198 132 0 1 0
2010651250 266 1 1 0
2010652841 315 1 1 0
2010654055 270 1 2 1
2010665629 23 0 1 1
2010666014 285 1 5 0
2010671696 250 1 1 0
2010671731 260 1 1 1
2010673823 286 1 2 1
2010676069 115 0 1 0
2010677722 271 1 4 0
2010679119 325 1 3 1
2010679186 257 1 2 1
2010681620 296 1 6 0
2010684090 265 1 5 0
2010685160 335 1 7 1
2010685486 251 1 1 1
2010701536 325 1 3 0
2010709775 271 1 4 1
2010710477 325 1 6 0
2010711928 315 1 1 1
2010714239 286 1 2 0
2010716796 285 1 5 1
2010724008 115 0 1 1
2010727688 270 1 2 0
2010729141 23 0 1 0
2010731084 270 1 8 1
2010731259 266 1 1 1
2010734093 265 1 5 1
2010739566 326 1 3 1
2010743535 251 1 1 0
2010744872 326 1 3 0
2010746421 115 0 1 0
2010746616 271 1 4 0
2010753195 315 1 1 0
2010753262 257 1 2 0
2010755753 201 0 1 1
2010758531 335 1 7 0
2010759025 23 0 1 1
2010760842 295 1 7 1
2010761692 270 1 8 0
2010762429 286 1 2 1
2010763929 325 1 6 1
2010765384 266 1 1 0
2010766779 105 0 1 0
2010769437 270 1 2 1
2010777286 275 1 5 0
2010782794 251 1 1 1
2010791359 295 1 7 0
2010794535 250 1 1 1
2010795589 345 1 1 1
2010795775 257 1 2 1
2010795918 315 1 1 1
2010799822 260 1 1 0
2010801085 335 1 7 1
2010804757 182 0 1 1
2010807535 286 1 2 0
2010814349 23 0 1 0
2010816505 266 1 1 1
2010816595 345 1 1 0
2010820042 270 1 8 1
2010823219 105 0 1 1
2010828330 325 1 3 1
2010831137 4 0 1 0
2010836883 270 1 1 0
2010837781 257 1 2 0
2010838622 285 1 5 0
2010840072 251 1 1 0
2010840350 260 1 1 1
2010842028 271 1 4 1
2010846492 286 1 2 1
2010847192 266 1 1 0
2010848199 276 1 2 1
2010849044 295 1 7 1
2010849496 270 1 8 0
2010867130 251 1 1 1
2010868079 271 1 4 0
2010868684 115 0 1 1
2010872110 285 1 5 1
2010874305 266 1 1 1
2010874818 257 1 2 1
2010876873 260 1 1 0
2010879755 295 1 7 0
2010880663 315 1 1 0
2010881371 270 1 1 1
2010885519 286 1 2 0
2010886726 355 1 7 0
2010886918 285 1 5 0
2010894600 265 1 5 0
2010901751 115 0 1 0
2010902041 201 0 1 0
2010912290 355 1 7 1
2010916175 260 1 1 1
2010916447 260 1 2 1
2010920466 270 1 1 0
2010921408 105 0 1 0
2010922967 183 0 1 1
2010924772 325 1 6 0
2010930873 276 1 2 0
2010937926 265 1 5 1
2010943238 270 1 2 0
2010944636 286 1 2 1
2010947716 257 1 2 0
2010950721 355 1 7 0
2010951904 115 0 1 1
2010952670 270 1 1 1
2010954143 345 1 7 0
2010954761 265 1 1 0
2010964310 335 1 7 0
2010968085 266 1 1 0
2010968845 325 1 6 1
2010970186 132 0 1 1
2010975289 355 1 7 1
2010977011 182 0 1 0
2010977808 276 1 2 1
2010978340 315 1 1 1
2010984698 345 1 7 1
2010984821 270 1 2 1
2010985800 286 1 2 0
2010987068 260 1 1 0
2010987075 115 0 1 0
2010987854 345 1 6 0
2010991214 265 1 1 1
2011000496 257 1 2 1
2011000845 183 0 1 0
2011000933 265 1 2 0
2011001780 266 1 1 1
2011002117 315 1 1 0
2011018871 276 1 2 0
2011020910 175 0 1 1
2011021279 260 1 1 1
2011022818 265 1 1 0
2011023950 286 1 2 1
2011030648 257 1 2 0
2011037222 115 0 1 1
2011040537 201 0 1 1
2011045012 251 1 1 0
2011048405 270 1 2 0
2011062907 265 1 1 1
2011066046 270 1 1 0
2011071831 260 1 2 0
2011074134 175 0 1 0
2011074824 115 0 1 0
2011080758 275 1 5 1
2011082765 275 1 5 0
2011083348 270 1 2 1
2011091853 345 1 6 1
2011095343 345 1 7 0
2011100621 305 1 7 0
2011107768 260 1 2 1
2011108712 270 1 1 1
2011109838 266 1 1 0
2011109885 276 1 2 1
2011111526 265 1 1 0
2011119081 265 1 5 0
2011123107 286 1 2 0
2011133401 345 1 7 1
2011133895 276 1 2 0
2011135178 251 1 1 1
2011135788 175 0 1 1
2011136310 266 1 1 1
2011141446 345 1 6 0
2011148174 325 1 6 0
2011153353 305 1 7 1
2011157473 315 1 1 1
2011162348 270 1 2 0
2011167176 275 1 5 1
2011167433 265 1 5 1
2011173776 175 0 1 0
2011180438 315 1 1 0
2011183207 266 1 1 0
2011186201 251 1 1 0
2011189124 4 0 1 1
2011195422 270 1 2 1
2011196807 275 1 5 0
2011203867 325 1 6 1
2011204361 266 1 1 1
2011217215 265 1 1 1
2011223825 270 1 1 0
2011224188 286 1 2 1
2011226645 265 1 5 0
2011228473 4 0 1 0
2011248642 260 1 1 0
2011249057 270 1 1 1
2011254414 325 1 6 0
2011256155 355 1 7 0
2011262294 286 1 2 0
2011273711 201 0 1 0
2011286659 260 1 1 1
2011286811 270 1 1 0
2011295833 355 1 7 1
2011300646 275 1 5 1
2011324549 345 1 6 1
2011324995 270 1 1 1
2011325672 251 1 1 1
2011325863 250 1 1 0
2011327229 345 1 7 0
2011328144 266 1 1 0
2011328694 275 1 5 0
2011330148 4 0 1 1
2011331839 270 1 2 0
2011336544 260 1 2 0
2011356131 325 1 3 0
2011356324 270 1 2 1
2011357704 4 0 1 0
2011360213 345 1 7 1
2011384041 265 1 5 1
2011384201 132 0 1 0
2011384263 270 1 2 0
2011387283 250 1 1 1
2011390074 260 1 1 0
2011391922 276 1 2 1
2011399631 251 1 1 0
2011401153 276 1 2 0
2011411543 266 1 1 1
2011415060 260 1 1 1
2011415868 250 1 1 0
2011417687 325 1 3 1
2011422042 265 1 5 0
2011438015 266 1 1 0
2011438211 325 1 3 0
2011443152 276 1 2 1
2011445694 275 1 1 1
2011453070 270 1 2 1
2011469020 265 1 5 1
2011473553 250 1 1 1
2011476826 201 0 1 1
2011479431 275 1 1 0
2011481882 266 1 1 1
2011498183 276 1 2 0
2011503940 325 1 3 1
2011511369 250 1 1 0
2011518515 265 1 5 0
2011520663 266 1 1 0
2011531719 275 1 1 1
2011541707 325 1 3 0
2011560339 250 1 1 1
2011568632 275 1 1 0
2011590594 325 1 3 1
2011615461 260 1 1 0
2011626067 270 1 2 0
2011634698 275 1 1 1
2011655138 260 1 1 1
2011664404 275 1 1 0
2011686294 270 1 1 0
2011687653 270 1 2 1
2011712430 270 1 2 0
2011725446 305 1 7 0
2011725899 275 1 1 1
2011730203 275 1 1 0
2011730653 256 1 8 1
2011730715 270 1 1 1
2011730795 275 1 1 1
2011731667 260 1 1 0
2011749127 275 1 1 0
2011749282 270 1 2 1
2011756570 260 1 1 1
2011760553 175 0 1 1
2011771133 305 1 7 1
2011779171 256 1 8 0
2011789806 183 0 1 1
2011796422 270 1 1 0
2011809413 355 1 7 0
2011816940 256 1 8 1
2011823898 201 0 1 0
2011827537 270 1 2 0
2011828831 270 1 1 1
2011828947 265 1 1 0
2011842522 315 1 1 1
2011845312 256 1 8 0
2011849823 345 1 6 0
2011850446 260 1 1 0
2011857648 355 1 7 1
2011863915 315 1 1 0
2011865138 175 0 1 0
2011870779 265 1 1 1
2011879497 183 0 1 0
2011903930 265 1 1 0
2011911869 260 1 1 1
2011942617 270 1 1 0
2011944600 265 1 1 1
2011966070 305 1 7 0
2011982805 355 1 7 0
2011987740 265 1 1 0
2011988397 305 1 7 1
2011992016 201 0 1 1
2011993401 201 0 1 0
2011994133 270 1 1 1
2012008796 355 1 7 1
2012067476 201 0 1 1
2012096132 270 1 1 0
2012104604 265 1 1 1
2012108727 201 0 1 0
2012110451 305 1 7 0
2012124058 260 1 1 0
2012129332 270 1 1 1
2012144025 305 1 7 1
2012166182 270 1 1 0
2012174616 260 1 1 1
2012180003 355 1 7 0
2012190970 250 1 1 0
2012204445 270 1 1 1
2012212692 305 1 7 0
2012215539 355 1 7 1
2012225541 325 1 3 0
2012234355 305 1 7 1
2012251555 345 1 6 1
2012268346 260 1 1 0
2012294248 260 1 1 1
2012318488 182 0 1 1
2012318790 250 1 1 1
2012349025 250 1 1 0
2012353361 325 1 3 1
2012379280 325 1 3 0
2012401338 175 0 1 1
2012419492 250 1 1 1
2012422223 260 1 1 0
2012466014 270 1 1 0
2012475287 260 1 1 1
2012496156 305 1 7 0
2012503101 345 1 7 0
2012505916 260 1 1 0
2012511026 270 1 1 1
2012520309 305 1 7 1
2012527463 182 0 1 0
2012535516 270 1 1 0
2012537489 260 1 1 1
2012558462 345 1 7 1
2012567211 270 1 1 1
2012569120 265 1 1 0
2012575558 305 1 7 0
2012593906 260 1 1 0
2012597470 305 1 7 1
2012599043 345 1 6 0
2012610869 265 1 1 1
2012643282 345 1 6 1
2012665846 265 1 1 0
2012676315 260 1 1 1
2012696018 345 1 6 0
2012705105 265 1 1 1
2012706576 270 1 1 0
2012722163 345 1 6 1
2012728597 175 0 1 0
2012739155 305 1 7 0
2012752352 345 1 7 0
2012757040 270 1 1 1
2012757756 265 1 1 0
2012758574 175 0 1 1
2012786696 345 1 7 1
2012788592 345 1 6 0
2012799508 175 0 1 0
2012873873 265 1 1 1
2012875593 270 1 1 0
2012904525 260 1 1 0
2012905931 345 1 7 0
2012909291 270 1 1 1
2012927594 345 1 7 1
2012957905 270 1 1 0
2012961358 260 1 1 1
2012977204 355 1 7 0
2012995338 270 1 1 1
2012997941 250 1 1 0
2013013898 355 1 7 1
2013062166 260 1 1 0
2013075274 345 1 6 1
2013096047 250 1 1 1
2013119958 250 1 1 0
2013220637 250 1 1 1
2013257075 270 1 1 0
2013275295 345 1 7 0
2013299365 345 1 7 1
2013299365 355 1 7 0
2013337668 270 1 1 1
2013348086 355 1 7 1
2013353956 265 1 1 0
2013375994 183 0 1 1
2013376160 345 1 6 0
2013400787 183 0 1 0
2013401847 265 1 1 1
2013438991 345 1 6 1
2013451917 265 1 1 0
2013482753 345 1 6 0
2013493915 265 1 1 1
2013494835 270 1 1 0
2013505882 345 1 7 0
2013523527 345 1 6 1
2013548219 265 1 1 0
2013548374 270 1 1 1
2013561939 345 1 7 1
2013597315 345 1 6 0
2013662427 265 1 1 1
2013670448 270 1 1 0
2013700069 345 1 6 1
2013705391 270 1 1 1
2013739928 270 1 1 0
2013778523 270 1 1 1
2013779064 250 1 1 0
2013781222 355 1 7 0
2013814090 355 1 7 1
2014009846 270 1 1 0
2014039769 345 1 7 0
2014091080 345 1 7 1
2014101781 265 1 1 0
2014106213 270 1 1 1
2014127886 345 1 6 0
2014206942 265 1 1 1
2014212400 270 1 1 0
2014222569 355 1 7 0
2014235288 345 1 6 1
2014264192 270 1 1 1
2014266911 265 1 1 0
2014289633 355 1 7 1
2014309341 345 1 6 0
2014383692 265 1 1 1
2014395000 270 1 1 0
2014424976 345 1 6 1
2014436565 355 1 7 0
2014466528 355 1 7 1
2014472212 270 1 1 1
2014562028 270 1 1 0
2014584485 355 1 7 0
2014622333 355 1 7 1
2014663251 345 1 7 0
2014666611 270 1 1 1
2014669134 265 1 1 0
2014692002 345 1 6 0
2014706162 345 1 7 1
2014785500 265 1 1 1
2014787249 270 1 1 0
2014817504 345 1 7 0
2014826083 345 1 6 1
2014838792 270 1 1 1
2014841284 265 1 1 0
2014854908 345 1 7 1
2014867306 345 1 6 0
2014957816 265 1 1 1
2014962712 270 1 1 0
2014993074 345 1 7 0
2015035728 355 1 7 0
2015037723 345 1 7 1
2015047250 345 1 6 1
2015074323 345 1 7 0
2015075485 355 1 7 1
2015097948 345 1 7 1
2015098144 355 1 7 0
2015142257 270 1 1 1
2015146782 355 1 7 1
2015146812 345 1 7 0
2015154413 265 1 1 0
2015172459 345 1 7 1
2015183894 345 1 6 0
2015269617 265 1 1 1
2015272867 270 1 1 0
2015302003 345 1 6 1
2015303122 345 1 7 0
2015324287 355 1 7 0
2015324825 270 1 1 1
2015327542 265 1 1 0
2015334579 345 1 7 1
2015357797 345 1 6 0
2015443576 265 1 1 1
2015452134 270 1 1 0
2015493374 345 1 7 0
2015631497 270 1 1 1
2015645878 265 1 1 0
2015761082 265 1 1 1
2015769864 270 1 1 0
2015821573 270 1 1 1
2015825840 265 1 1 0
2015941542 265 1 1 1
2015951365 270 1 1 0
2016130977 270 1 1 1
2016144848 265 1 1 0
2016269513 270 1 1 0
2016327779 270 1 1 1
2016450575 270 1 1 0
