2001861614 266 1 8 1
2001917882 266 1 8 0
2001919195 271 1 8 1
2001946445 261 1 8 1
2001978078 261 1 8 0
2001989259 271 1 8 0
2002016798 271 1 8 1
2002027733 261 1 8 1
2002038543 261 1 8 0
2002096071 271 1 8 0
2002122103 261 1 8 1
2002126148 271 1 8 1
2002144679 261 1 8 0
2002201871 271 1 8 0
2002215922 261 1 8 1
2002222960 316 1 5 1
2002225830 316 1 5 0
2002241174 271 1 8 1
2002245031 261 1 8 0
2002248550 316 1 5 1
2002255874 316 1 5 0
2002275538 261 1 8 1
2002300052 271 1 8 0
2002316414 261 1 8 0
2002329659 271 1 8 1
2002341205 261 1 8 1
2002384049 271 1 8 0
2002394921 261 1 8 0
2002413156 271 1 8 1
2002421074 261 1 8 1
2002451664 271 1 8 0
2002465603 261 1 8 0
2002510218 261 1 8 1
2002549510 261 1 8 0
2002612857 261 1 8 1
2002616464 261 1 8 0
2002638956 306 1 7 1
2002651060 326 1 4 1
2002661634 306 1 7 0
2002706738 326 1 4 0
2002737681 326 1 4 1
2002777160 326 1 4 0
2002777205 256 1 8 1
2002784630 306 1 7 1
2002800621 356 1 4 1
2002801785 326 1 4 1
2002822536 256 1 8 0
2002825904 306 1 7 0
2002853437 256 1 8 1
2002863233 326 1 4 0
2002881757 256 1 8 0
2002884548 326 1 4 1
2002910749 256 1 8 1
2002952083 306 1 7 1
2002963512 256 1 8 0
2002973393 306 1 7 0
2002974356 326 1 4 0
2002999232 256 1 8 1
2003017676 326 1 4 1
2003035439 256 1 8 0
2003042208 271 1 8 1
2003047757 140 0 1 1
2003052953 213 0 1 1
2003067009 306 1 7 1
2003068513 326 1 4 0
2003078664 256 1 8 1
2003087302 271 1 8 0
2003098337 140 0 1 0
2003105420 256 1 8 0
2003106856 326 1 4 1
2003118877 306 1 7 0
2003138033 140 0 1 1
2003150543 356 1 4 0
2003156641 271 1 8 1
2003157146 326 1 4 0
2003179956 306 1 7 1
2003180660 213 0 1 0
2003186561 140 0 1 0
2003188255 271 1 8 0
2003194419 326 1 4 1
2003196708 356 1 4 1
2003214863 256 1 8 1
2003225504 140 0 1 1
2003226567 306 1 7 0
2003227291 213 0 1 1
2003237903 256 1 8 0
2003246194 272 1 8 1
2003250575 267 1 8 1
2003259511 326 1 4 0
2003259754 356 1 4 0
2003288842 140 0 1 0
2003289833 213 0 1 0
2003291447 271 1 8 1
2003298969 326 1 4 1
2003300925 356 1 4 1
2003313430 272 1 8 0
2003316118 267 1 8 0
2003316523 271 1 8 0
2003318558 306 1 7 1
2003330373 140 0 1 1
2003331508 213 0 1 1
2003340666 356 1 4 0
2003347241 272 1 8 1
2003347671 306 1 7 0
2003349704 267 1 8 1
2003365475 271 1 8 1
2003370661 213 0 1 0
2003386291 345 1 1 1
2003387294 272 1 8 0
2003390443 271 1 8 0
2003394050 306 1 7 1
2003396464 326 1 4 0
2003415266 267 1 8 0
2003421582 306 1 7 0
2003425777 140 0 1 0
2003435438 356 1 4 1
2003436802 326 1 4 1
2003459430 267 1 8 1
2003466516 213 0 1 1
2003467606 356 1 4 0
2003497331 267 1 8 0
2003497365 140 0 1 1
2003497685 213 0 1 0
2003512972 271 1 8 1
2003525582 326 1 4 0
2003528181 356 1 4 1
2003535470 271 1 8 0
2003537615 306 1 7 1
2003539062 267 1 8 1
2003545325 140 0 1 0
2003558932 213 0 1 1
2003566761 306 1 7 0
2003577678 267 1 8 0
2003608602 271 1 8 1
2003620449 267 1 8 1
2003634980 306 1 7 1
2003635560 345 1 1 0
2003637330 271 1 8 0
2003659255 326 1 4 1
2003667137 86 0 1 1
2003668533 306 1 7 0
2003675226 345 1 1 1
2003677602 356 1 4 0
2003681779 267 1 8 0
2003686577 271 1 8 1
2003697184 86 0 1 0
2003706448 326 1 4 0
2003707690 213 0 1 0
2003714766 267 1 8 1
2003715274 140 0 1 1
2003715332 306 1 7 1
2003716794 271 1 8 0
2003719202 356 1 4 1
2003719441 260 1 8 1
2003731244 345 1 1 0
2003735725 140 0 1 0
2003743607 326 1 4 1
2003748281 86 0 1 1
2003749703 306 1 7 0
2003749785 213 0 1 1
2003759804 356 1 4 0
2003763969 345 1 1 1
2003765291 260 1 8 0
2003769787 271 1 8 1
2003772163 267 1 8 0
2003774409 140 0 1 1
2003778354 86 0 1 0
2003783702 326 1 4 0
2003789883 213 0 1 0
2003792266 260 1 8 1
2003798518 306 1 7 1
2003801886 271 1 8 0
2003802067 356 1 4 1
2003805370 267 1 8 1
2003808681 140 0 1 0
2003813185 345 1 1 0
2003822885 326 1 4 1
2003831635 86 0 1 1
2003832734 213 0 1 1
2003834660 356 1 4 0
2003834697 306 1 7 0
2003844348 260 1 8 0
2003857059 271 1 8 1
2003863264 86 0 1 0
2003865663 213 0 1 0
2003869796 140 0 1 1
2003885192 306 1 7 1
2003899846 271 1 8 0
2003907749 345 1 1 1
2003916183 260 1 8 1
2003918581 86 0 1 1
2003921631 356 1 4 1
2003922057 326 1 4 0
2003930306 267 1 8 0
2003933151 306 1 7 0
2003940251 271 1 8 1
2003951180 140 0 1 0
2003952782 213 0 1 1
2003958964 345 1 1 0
2003961811 86 0 1 0
2003962952 326 1 4 1
2003966361 267 1 8 1
2003969550 356 1 4 0
2003969618 306 1 7 1
2003974040 271 1 8 0
2003994228 140 0 1 1
2003999629 213 0 1 0
2004001599 86 0 1 1
2004005443 306 1 7 0
2004012105 260 1 8 0
2004014417 356 1 4 1
2004019375 345 1 1 1
2004023392 271 1 8 1
2004030113 267 1 8 0
2004034094 86 0 1 0
2004045128 213 0 1 1
2004046388 260 1 8 1
2004049609 271 1 8 0
2004050478 306 1 7 1
2004052626 356 1 4 0
2004081028 306 1 7 0
2004082705 213 0 1 0
2004092957 356 1 4 1
2004093761 326 1 4 0
2004100596 271 1 8 1
2004123540 213 0 1 1
2004126872 271 1 8 0
2004129423 306 1 7 1
2004130529 140 0 1 0
2004145835 295 1 5 1
2004149306 266 1 8 1
2004156296 345 1 1 0
2004159803 306 1 7 0
2004184547 266 1 8 0
2004190611 260 1 8 0
2004205105 271 1 8 1
2004205347 345 1 1 1
2004220942 295 1 5 0
2004231718 306 1 7 1
2004231870 345 1 1 0
2004232692 326 1 4 1
2004233271 271 1 8 0
2004235058 260 1 8 1
2004236455 356 1 4 0
2004263795 345 1 1 1
2004264310 306 1 7 0
2004265314 295 1 5 1
2004266745 213 0 1 0
2004271501 260 1 8 0
2004275821 140 0 1 1
2004278257 356 1 4 1
2004278391 326 1 4 0
2004293688 260 1 8 1
2004298113 140 0 1 0
2004300098 345 1 1 0
2004301832 295 1 5 0
2004308840 213 0 1 1
2004315727 326 1 4 1
2004316115 356 1 4 0
2004321550 266 1 8 1
2004324019 295 1 5 1
2004342114 306 1 7 1
2004343528 260 1 8 0
2004344028 213 0 1 0
2004344598 271 1 8 1
2004358312 356 1 4 1
2004358479 326 1 4 0
2004368154 271 1 8 0
2004370289 266 1 8 0
2004373863 295 1 5 0
2004382515 256 1 8 1
2004385904 345 1 1 1
2004387054 256 1 8 0
2004388231 260 1 8 1
2004390057 306 1 7 0
2004391003 256 1 8 1
2004397398 326 1 4 1
2004401413 213 0 1 1
2004405046 256 1 8 0
2004411131 346 1 2 1
2004415768 266 1 8 1
2004416561 356 1 4 0
2004418394 295 1 5 1
2004433701 346 1 2 0
2004434037 256 1 8 1
2004435745 140 0 1 1
2004441060 213 0 1 0
2004443107 345 1 1 0
2004457375 256 1 8 0
2004463996 356 1 4 1
2004487484 266 1 8 0
2004487790 356 1 4 0
2004498664 345 1 1 1
2004501945 260 1 8 0
2004506961 58 0 1 1
2004514167 252 1 8 1
2004519179 266 1 8 1
2004525980 260 1 8 1
2004527197 356 1 4 1
2004527330 326 1 4 0
2004532192 295 1 5 0
2004543987 345 1 1 0
2004546320 326 1 6 1
2004556227 295 1 5 1
2004556975 140 0 1 0
2004563447 58 0 1 0
2004566982 326 1 4 1
2004569986 356 1 4 0
2004584428 260 1 8 0
2004587482 58 0 1 1
2004587825 306 1 7 1
2004589731 140 0 1 1
2004596044 266 1 8 0
2004598705 345 1 1 1
2004614675 295 1 5 0
2004617623 306 1 7 0
2004618115 271 1 8 1
2004621063 260 1 8 1
2004626732 256 1 8 1
2004627063 326 1 6 0
2004631928 345 1 1 0
2004645006 58 0 1 0
2004646021 271 1 8 0
2004648126 306 1 7 1
2004651310 295 1 5 1
2004654090 356 1 4 1
2004663451 256 1 8 0
2004670711 345 1 1 1
2004673963 266 1 8 1
2004681192 306 1 7 0
2004681305 58 0 1 1
2004683557 250 1 8 1
2004689107 252 1 8 0
2004692102 345 1 1 0
2004693478 326 1 4 0
2004697074 326 1 6 1
2004716900 271 1 8 1
2004722684 266 1 8 0
2004726658 260 1 8 0
2004727832 306 1 7 1
2004733435 256 1 8 1
2004736207 252 1 8 1
2004743860 213 0 1 1
2004747645 345 1 1 1
2004751375 271 1 8 0
2004753963 326 1 6 0
2004756249 326 1 4 1
2004757043 295 1 5 0
2004761308 256 1 8 0
2004762350 260 1 8 1
2004767155 266 1 8 1
2004778874 252 1 8 0
2004787038 58 0 1 0
2004788127 345 1 1 0
2004792536 326 1 4 0
2004792670 295 1 5 1
2004795650 326 1 6 1
2004805248 251 1 8 1
2004813926 306 1 7 0
2004815536 255 1 8 1
2004819877 252 1 8 1
2004822917 58 0 1 1
2004823589 140 0 1 0
2004827367 345 1 1 1
2004830130 260 1 8 0
2004833708 266 1 8 0
2004834038 256 1 8 1
2004853429 252 1 8 0
2004857273 260 1 8 1
2004860381 295 1 5 0
2004861622 326 1 4 1
2004864735 326 1 6 0
2004887608 295 1 5 1
2004890712 58 0 1 0
2004892475 266 1 8 1
2004901924 265 1 8 1
2004913252 256 1 8 0
2004917939 58 0 1 1
2004921568 326 1 6 1
2004926377 345 1 1 0
2004938112 252 1 8 1
2004948582 356 1 4 0
2004957797 260 1 8 0
2004960094 256 1 8 1
2004963009 345 1 1 1
2004964424 287 1 4 1
2004965425 140 0 1 1
2004966058 266 1 8 0
2004969925 213 0 1 0
2004983281 306 1 7 1
2004983807 356 1 4 1
2004985847 252 1 8 0
2004988128 295 1 5 0
2004988972 260 1 8 1
2004998009 326 1 6 0
2005003599 345 1 1 0
2005007734 251 1 8 0
2005014409 213 0 1 1
2005015573 266 1 8 1
2005016178 287 1 4 0
2005017440 306 1 7 0
2005018375 58 0 1 0
2005019303 295 1 5 1
2005029324 345 1 1 1
2005034362 260 1 8 0
2005035497 355 1 4 1
2005036342 252 1 8 1
2005043485 326 1 6 1
2005049634 58 0 1 1
2005052979 345 1 1 0
2005056074 266 1 8 0
2005059657 260 1 8 1
2005064693 295 1 5 0
2005066505 287 1 4 1
2005071378 143 0 1 1
2005071716 356 1 3 1
2005089609 266 1 8 1
2005089997 295 1 5 1
2005094322 250 1 8 0
2005095033 58 0 1 0
2005097677 326 1 6 0
2005105576 306 1 7 1
2005106930 256 1 8 0
2005118033 356 1 3 0
2005119868 326 1 6 1
2005120328 58 0 1 1
2005121080 336 1 3 1
2005127378 347 1 3 1
2005128188 143 0 1 0
2005129197 326 1 7 1
2005130536 345 1 1 1
2005130881 326 1 4 0
2005133625 306 1 7 0
2005149571 143 0 1 1
2005150713 251 1 8 1
2005155425 347 1 3 0
2005157440 356 1 3 1
2005159225 140 0 1 0
2005160230 250 1 8 1
2005168784 326 1 4 1
2005169034 356 1 4 0
2005174336 251 1 8 0
2005181153 326 1 7 0
2005182795 306 1 7 1
2005185071 252 1 8 0
2005186103 336 1 3 0
2005195501 140 0 1 1
2005203902 256 1 8 1
2005209668 345 1 1 0
2005210961 356 1 4 1
2005211412 326 1 7 1
2005211470 326 1 4 0
2005215251 356 1 3 0
2005216006 213 0 1 0
2005217670 287 1 4 0
2005217696 355 1 3 1
2005219798 336 1 3 1
2005221159 306 1 7 0
2005230022 252 1 8 1
2005234077 326 1 4 1
2005240342 213 0 1 1
2005244112 250 1 8 0
2005253484 256 1 8 0
2005255250 356 1 3 1
2005256118 345 1 1 1
2005260269 287 1 4 1
2005261582 336 1 3 0
2005262010 326 1 7 0
2005266108 266 1 8 0
2005272521 306 1 7 1
2005276852 256 1 8 1
2005278325 252 1 8 0
2005281822 206 0 1 1
2005283792 250 1 8 1
2005293967 326 1 7 1
2005295518 356 1 3 0
2005300440 326 1 6 0
2005302333 336 1 3 1
2005302885 345 1 1 0
2005304804 266 1 8 1
2005306780 306 1 7 0
2005308656 287 1 4 0
2005318432 260 1 8 0
2005320084 252 1 8 1
2005321730 251 1 8 1
2005332950 356 1 3 1
2005334563 326 1 6 1
2005337311 141 0 1 1
2005339947 143 0 1 0
2005340679 256 1 8 0
2005340744 326 1 7 0
2005341372 345 1 1 1
2005346328 265 1 8 0
2005348763 295 1 5 0
2005350366 287 1 4 1
2005352907 306 1 7 1
2005352925 252 1 8 0
2005356579 260 1 8 1
2005362044 251 1 8 0
2005362691 47 0 1 1
2005365673 143 0 1 1
2005367314 356 1 4 0
2005368615 265 1 8 1
2005371099 141 0 1 0
2005379094 58 0 1 0
2005379475 326 1 7 1
2005380484 347 1 3 1
2005383269 287 1 4 0
2005386910 295 1 5 1
2005394997 306 1 7 0
2005397234 213 0 1 0
2005398927 336 1 3 0
2005403354 256 1 8 1
2005405273 347 1 3 0
2005406474 141 0 1 1
2005409481 252 1 8 1
2005412722 326 1 7 0
2005413060 295 1 3 1
2005413517 47 0 1 0
2005416680 306 1 7 1
2005423539 356 1 3 0
2005423570 271 1 8 1
2005426063 251 1 8 1
2005432602 356 1 4 1
2005433681 58 0 1 1
2005436763 140 0 1 0
2005437914 336 1 3 1
2005439644 287 1 4 1
2005440091 256 1 8 0
2005441749 209 0 1 1
2005445516 252 1 8 0
2005450010 356 1 3 1
2005450985 326 1 7 1
2005455505 141 0 1 0
2005466715 140 0 1 1
2005467764 346 1 2 1
2005469233 213 0 1 1
2005469892 47 0 1 1
2005475847 287 1 4 0
2005477027 252 1 8 1
2005479232 141 0 1 1
2005480179 345 1 1 0
2005480344 295 1 6 1
2005486737 326 1 4 0
2005492715 346 1 2 0
2005502033 256 1 8 1
2005506094 47 0 1 0
2005506314 266 1 8 0
2005507274 287 1 4 1
2005508700 160 0 1 1
2005517667 140 0 1 0
2005518124 252 1 8 0
2005519338 250 1 8 0
2005522455 345 1 1 1
2005532060 326 1 4 1
2005537521 47 0 1 1
2005540025 326 1 6 0
2005540177 295 1 3 0
2005544465 250 1 8 1
2005548639 287 1 4 0
2005557283 252 1 8 1
2005562663 140 0 1 1
2005564150 345 1 1 0
2005565892 295 1 3 1
2005566336 143 0 1 0
2005567648 256 1 8 0
2005575081 266 1 8 1
2005577513 265 1 8 0
2005578886 47 0 1 0
2005587374 287 1 4 1
2005588659 356 1 4 0
2005597928 295 1 6 0
2005597950 266 1 8 0
2005603988 326 1 6 1
2005617893 47 0 1 1
2005618915 213 0 1 0
2005627232 265 1 8 1
2005632876 251 1 8 0
2005636369 250 1 8 0
2005641584 271 1 8 0
2005642234 326 1 6 0
2005643267 143 0 1 1
2005643683 256 1 8 1
2005657261 295 1 6 1
2005660300 260 1 8 0
2005664165 345 1 1 1
2005664280 250 1 8 1
2005664338 266 1 8 1
2005664792 252 1 8 0
2005669058 143 0 1 0
2005672295 271 1 8 1
2005674536 356 1 4 1
2005676059 356 1 3 0
2005686939 260 1 8 1
2005691471 295 1 5 0
2005694438 326 1 6 1
2005695711 287 1 4 0
2005697770 266 1 8 0
2005705123 336 1 3 0
2005707837 213 0 1 1
2005717270 295 1 5 1
2005721219 252 1 8 1
2005723572 345 1 1 0
2005725958 47 0 1 0
2005726059 356 1 3 1
2005726614 256 1 8 0
2005730505 266 1 8 1
2005730593 326 1 6 0
2005732085 143 0 1 1
2005735454 160 0 1 0
2005742934 336 1 3 1
2005751246 287 1 4 1
2005757404 143 0 1 0
2005760428 326 1 6 1
2005765758 271 1 8 0
2005769067 356 1 3 0
2005769655 345 1 1 1
2005769669 252 1 8 0
2005773296 160 0 1 1
2005775074 53 0 1 1
2005777109 256 1 8 1
2005781493 47 0 1 1
2005783631 336 1 3 0
2005783897 326 1 7 0
2005792201 306 1 7 0
2005793499 143 0 1 1
2005812412 252 1 8 1
2005813714 345 1 1 0
2005813962 160 0 1 0
2005821020 287 1 4 0
2005822717 141 0 1 0
2005823494 256 1 8 0
2005825705 326 1 7 1
2005829002 336 1 3 1
2005830491 251 1 8 1
2005831356 306 1 7 1
2005838417 265 1 8 0
2005840721 326 1 4 0
2005844719 287 1 4 1
2005848624 255 1 8 0
2005851267 47 0 1 0
2005851939 345 1 1 1
2005852651 252 1 8 0
2005855577 141 0 1 1
2005859333 160 0 1 1
2005865364 265 1 8 1
2005866092 251 1 8 0
2005867277 326 1 7 0
2005868266 140 0 1 0
2005868937 295 1 6 0
2005871601 306 1 7 0
2005874732 255 1 8 1
2005874966 47 0 1 1
2005876093 271 1 8 1
2005883220 287 1 4 0
2005884673 326 1 4 1
2005890123 336 1 3 0
2005892632 53 0 1 0
2005894449 141 0 1 0
2005895492 295 1 6 1
2005895916 326 1 7 1
2005897484 306 1 7 1
2005902979 251 1 8 1
2005910920 271 1 8 0
2005913467 47 0 1 0
2005914722 140 0 1 1
2005920454 160 0 1 0
2005923454 326 1 4 0
2005924680 141 0 1 1
2005932291 53 0 1 1
2005932806 336 1 3 1
2005941415 252 1 8 1
2005941916 345 1 1 0
2005942703 271 1 8 1
2005959082 140 0 1 0
2005959966 266 1 8 0
2005963103 160 0 1 1
2005970423 287 1 4 1
2005979838 251 1 8 0
2005981071 250 1 8 0
2005983095 345 1 1 1
2005983839 271 1 8 0
2005986144 252 1 8 0
2005991505 326 1 6 0
2005993510 355 1 3 0
2006000161 266 1 8 1
2006000670 47 0 1 1
2006002196 256 1 8 1
2006003186 250 1 8 1
2006005493 356 1 4 0
2006008073 251 1 8 1
2006008302 326 1 7 0
2006010840 346 1 2 1
2006015366 181 0 1 1
2006016663 287 1 4 0
2006017816 143 0 1 0
2006021544 356 1 3 1
2006022016 326 1 6 1
2006022321 326 1 4 1
2006022802 251 1 8 0
2006023854 209 0 1 0
2006024322 345 1 1 0
2006024543 252 1 8 1
2006026705 355 1 3 1
2006027844 213 0 1 0
2006030138 306 1 7 0
2006030846 271 1 8 1
2006033560 356 1 4 1
2006034069 141 0 1 0
2006037315 346 1 2 0
2006038105 255 1 8 0
2006046749 356 1 3 0
2006046910 47 0 1 0
2006047582 271 1 8 0
2006048149 326 1 7 1
2006054642 287 1 4 1
2006056337 140 0 1 1
2006057143 209 0 1 1
2006057385 143 0 1 1
2006057784 355 1 4 0
2006076491 141 0 1 1
2006079005 336 1 3 0
2006081699 213 0 1 1
2006084889 47 0 1 1
2006087661 251 1 8 1
2006092252 306 1 7 1
2006100545 265 1 8 0
2006105587 206 0 1 0
2006108836 336 1 3 1
2006109252 160 0 1 0
2006112258 255 1 8 1
2006116585 326 1 7 0
2006122328 251 1 8 0
2006122884 252 1 8 0
2006124052 345 1 1 1
2006124864 265 1 8 1
2006127263 355 1 4 1
2006139083 160 0 1 1
2006143369 306 1 7 0
2006144541 326 1 7 1
2006147796 141 0 1 0
2006153751 287 1 4 0
2006155930 256 1 8 0
2006169703 316 1 3 1
2006174521 141 0 1 1
2006181779 252 1 8 1
2006183998 47 0 1 0
2006185248 345 1 1 0
2006186267 251 1 8 1
2006186513 356 1 4 0
2006190043 336 1 3 0
2006194950 266 1 8 0
2006195964 306 1 7 1
2006198536 326 1 7 0
2006206680 213 0 1 0
2006209744 256 1 8 1
2006211470 287 1 4 1
2006212984 356 1 4 1
2006215544 326 1 4 0
2006216430 336 1 3 1
2006219863 260 1 8 0
2006220290 160 0 1 0
2006224063 255 1 8 0
2006227508 206 0 1 1
2006228129 345 1 1 1
2006230195 141 0 1 0
2006230511 326 1 7 1
2006230744 306 1 7 0
2006231741 252 1 8 0
2006239859 326 1 4 1
2006241798 326 1 6 0
2006246677 160 0 1 1
2006247001 140 0 1 0
2006247583 260 1 8 1
2006249407 255 1 8 1
2006250194 295 1 5 0
2006257849 346 1 2 1
2006260283 213 0 1 1
2006260782 141 0 1 1
2006262228 287 1 4 0
2006265540 256 1 8 0
2006266329 58 0 1 0
2006269012 252 1 8 1
2006269257 140 0 1 1
2006270197 345 1 1 0
2006270978 143 0 1 0
2006276104 326 1 7 0
2006277841 295 1 5 1
2006284755 346 1 2 0
2006291303 266 1 8 1
2006293695 256 1 8 1
2006294392 271 1 8 1
2006298443 287 1 4 1
2006304239 141 0 1 0
2006306346 252 1 8 0
2006308088 58 0 1 1
2006310264 345 1 1 1
2006311246 326 1 6 1
2006314892 255 1 8 0
2006316719 326 1 7 1
2006317916 265 1 8 0
2006320030 266 1 8 0
2006326659 355 1 4 0
2006332626 141 0 1 1
2006333530 295 1 6 0
2006336813 287 1 4 0
2006338927 265 1 8 1
2006339263 255 1 8 1
2006343466 206 0 1 0
2006346645 47 0 1 1
2006347236 47 0 1 0
2006351053 326 1 6 0
2006352447 143 0 1 1
2006353566 271 1 8 0
2006356973 53 0 1 0
2006358197 266 1 8 1
2006365888 143 0 1 0
2006367746 355 1 4 1
2006369325 295 1 6 1
2006376758 251 1 8 0
2006382580 326 1 6 1
2006393289 271 1 8 1
2006395529 252 1 8 1
2006397028 345 1 1 0
2006397614 266 1 8 0
2006397813 326 1 7 0
2006410828 53 0 1 1
2006420069 140 0 1 0
2006422539 119 0 1 1
2006424596 326 1 7 1
2006424604 287 1 4 1
2006428717 326 1 6 0
2006433396 206 0 1 1
2006434083 255 1 8 0
2006435163 345 1 1 1
2006435382 256 1 8 0
2006437541 266 1 8 1
2006440159 252 1 8 0
2006440681 140 0 1 1
2006447028 141 0 1 0
2006450509 356 1 4 0
2006462738 255 1 8 1
2006466682 355 1 4 0
2006467108 326 1 6 1
2006469655 141 0 1 1
2006470618 287 1 4 0
2006470676 213 0 1 0
2006474278 252 1 8 1
2006478578 345 1 1 0
2006479829 326 1 4 0
2006486765 206 0 1 0
2006489177 356 1 3 1
2006492985 355 1 4 1
2006493864 356 1 4 1
2006499163 213 0 1 1
2006503755 271 1 8 0
2006504397 287 1 4 1
2006509303 265 1 8 0
2006509665 256 1 8 1
2006510051 336 1 3 0
2006510409 140 0 1 0
2006517021 326 1 4 1
2006519891 260 1 8 0
2006537166 271 1 8 1
2006539802 295 1 6 0
2006539948 206 0 1 1
2006540298 160 0 1 0
2006543849 140 0 1 1
2006546983 326 1 7 0
2006550237 295 1 5 0
2006551158 265 1 8 1
2006552509 260 1 8 1
2006552764 256 1 8 0
2006559947 356 1 3 0
2006561890 336 1 3 1
2006563506 53 0 1 0
2006565119 143 0 1 1
2006566542 346 1 2 1
2006567630 326 1 7 1
2006571108 271 1 8 0
2006573909 345 1 1 1
2006578243 260 1 8 0
2006579481 252 1 8 0
2006580325 58 0 1 0
2006581234 295 1 6 1
2006581973 47 0 1 1
2006582849 295 1 5 1
2006587629 346 1 2 0
2006588467 356 1 4 0
2006592719 271 1 8 1
2006596619 256 1 8 1
2006601410 160 0 1 1
2006604271 260 1 8 1
2006608582 295 1 5 0
2006609979 287 1 4 0
2006613480 58 0 1 1
2006622118 356 1 3 1
2006625173 53 0 1 1
2006625948 256 1 8 0
2006627286 356 1 4 1
2006630482 47 0 1 0
2006634549 295 1 5 1
2006639822 58 0 1 0
2006641179 252 1 8 1
2006651348 336 1 3 0
2006656447 356 1 4 0
2006659122 345 1 1 0
2006664781 58 0 1 1
2006670806 287 1 4 1
2006671857 271 1 8 0
2006674766 213 0 1 0
2006681595 160 0 1 0
2006684430 356 1 4 1
2006684615 326 1 4 0
2006690139 260 1 8 0
2006695155 251 1 8 1
2006699353 140 0 1 0
2006699488 326 1 7 0
2006707421 345 1 1 1
2006708896 271 1 8 1
2006719598 336 1 3 1
2006719840 252 1 8 0
2006719969 213 0 1 1
2006720462 295 1 5 0
2006721279 260 1 8 1
2006727403 326 1 7 1
2006730737 326 1 4 1
2006731806 141 0 1 0
2006732232 356 1 4 0
2006747931 47 0 1 1
2006750877 58 0 1 0
2006751123 287 1 4 0
2006751469 295 1 5 1
2006753081 160 0 1 1
2006756113 141 0 1 1
2006757473 345 1 1 0
2006758411 252 1 8 1
2006758531 213 0 1 0
2006768921 140 0 1 1
2006771626 47 0 1 0
2006773308 250 1 8 0
2006774292 266 1 8 0
2006780958 214 0 1 1
2006781764 58 0 1 1
2006788598 287 1 4 1
2006799858 345 1 1 1
2006800312 252 1 8 0
2006806323 266 1 8 1
2006810566 326 1 6 0
2006811367 295 1 3 0
2006813044 271 1 8 0
2006819389 356 1 4 1
2006820607 355 1 3 0
2006827083 326 1 4 0
2006827601 143 0 1 0
2006828127 251 1 8 0
2006830103 250 1 8 1
2006830815 287 1 4 0
2006835825 326 1 6 1
2006838254 53 0 1 0
2006839235 271 1 8 1
2006842962 295 1 3 1
2006850695 209 0 1 0
2006851019 256 1 8 1
2006853042 355 1 3 1
2006860169 336 1 3 0
2006861681 356 1 3 0
2006869955 271 1 8 0
2006871429 251 1 8 1
2006875386 213 0 1 1
2006880181 53 0 1 1
2006884036 356 1 3 1
2006887305 209 0 1 1
2006890041 252 1 8 1
2006890416 160 0 1 0
2006895479 251 1 8 0
2006899171 143 0 1 1
2006901088 336 1 3 1
2006908054 345 1 1 0
2006918438 287 1 4 1
2006923726 326 1 7 0
2006929678 251 1 8 1
2006930430 316 1 3 0
2006931355 160 0 1 1
2006937135 256 1 8 0
2006941073 250 1 8 0
2006950385 345 1 1 1
2006950445 140 0 1 0
2006953713 326 1 7 1
2006953957 119 0 1 0
2006960093 316 1 3 1
2006967900 252 1 8 0
2006968922 210 0 1 1
2006972942 256 1 8 1
2006972966 271 1 8 1
2006975396 266 1 8 0
2006980707 250 1 8 1
2006982072 355 1 3 0
2006987729 140 0 1 1
2006993435 119 0 1 1
2006998403 287 1 4 0
2007001543 252 1 8 1
2007008039 355 1 3 1
2007008183 326 1 6 0
2007008860 271 1 8 0
2007012095 345 1 1 0
2007012403 209 0 1 0
2007025302 143 0 1 0
2007031510 287 1 4 1
2007038370 209 0 1 1
2007038872 326 1 7 0
2007046539 266 1 8 1
2007050381 141 0 1 0
2007054479 260 1 8 0
2007070490 345 1 1 1
2007073892 326 1 6 1
2007075627 140 0 1 0
2007077157 47 0 1 1
2007084695 326 1 7 1
2007085238 295 1 5 0
2007091458 260 1 8 1
2007096553 266 1 8 0
2007100869 141 0 1 1
2007105289 345 1 1 0
2007108453 140 0 1 1
2007112797 58 0 1 0
2007119324 265 1 8 0
2007121705 295 1 5 1
2007127656 345 1 1 1
2007134576 326 1 6 0
2007134962 326 1 4 1
2007136653 181 0 1 0
2007140136 252 1 8 0
2007145797 251 1 8 0
2007147707 265 1 8 1
2007149647 295 1 6 0
2007151440 257 1 8 1
2007156243 326 1 7 0
2007157570 58 0 1 1
2007157580 181 0 1 1
2007159792 266 1 8 1
2007171139 287 1 4 0
2007175223 326 1 6 1
2007177930 295 1 6 1
2007178850 53 0 1 0
2007179450 140 0 1 0
2007182420 345 1 1 0
2007186464 251 1 8 1
2007189285 266 1 8 0
2007191642 47 0 1 0
2007191683 252 1 8 1
2007192018 326 1 7 1
2007199983 181 0 1 0
2007206749 53 0 1 1
2007220233 140 0 1 1
2007220458 287 1 4 1
2007225081 256 1 8 0
2007234474 271 1 8 1
2007236404 251 1 8 0
2007237134 326 1 7 0
2007237447 252 1 8 0
2007237501 266 1 8 1
2007237666 326 1 4 0
2007243707 250 1 8 0
2007245921 326 1 6 0
2007247835 316 1 3 0
2007249767 356 1 3 0
2007259029 140 0 1 0
2007264108 326 1 7 1
2007266946 256 1 8 1
2007268962 287 1 4 0
2007269320 326 1 6 1
2007276166 252 1 8 1
2007277350 265 1 8 0
2007277914 119 0 1 0
2007279542 250 1 8 1
2007279582 295 1 3 0
2007279846 214 0 1 0
2007282186 261 1 8 1
2007285126 355 1 3 0
2007288250 316 1 3 1
2007290014 356 1 3 1
2007293865 140 0 1 1
2007303445 53 0 1 0
2007303785 295 1 3 1
2007306353 287 1 4 1
2007307857 295 1 6 0
2007307985 355 1 3 1
2007309446 181 0 1 1
2007311275 271 1 8 0
2007315541 209 0 1 0
2007316385 316 1 3 0
2007318833 119 0 1 1
2007319624 345 1 1 1
2007321220 58 0 1 0
2007323251 252 1 8 0
2007326241 265 1 8 1
2007328943 250 1 8 0
2007330425 214 0 1 1
2007338232 209 0 1 1
2007346464 119 0 1 0
2007348982 271 1 8 1
2007349618 250 1 8 1
2007353746 287 1 4 0
2007354135 261 1 8 0
2007356336 295 1 6 1
2007356834 326 1 7 0
2007359155 47 0 1 1
2007360070 143 0 1 1
2007368873 47 0 1 0
2007375192 53 0 1 1
2007378232 336 1 3 0
2007380137 326 1 7 1
2007385628 251 1 8 1
2007387839 141 0 1 0
2007387948 58 0 1 1
2007398958 261 1 8 1
2007400884 251 1 8 0
2007402328 316 1 3 1
2007406299 336 1 3 1
2007408613 160 0 1 0
2007409390 252 1 8 1
2007410423 345 1 1 0
2007413514 141 0 1 1
2007424863 287 1 5 1
2007433247 119 0 1 1
2007438261 287 1 4 1
2007444539 160 0 1 1
2007449164 256 1 8 0
2007450535 316 1 3 0
2007454450 260 1 8 0
2007454512 257 1 8 0
2007456259 345 1 1 1
2007463913 181 0 1 0
2007478233 260 1 8 1
2007480614 119 0 1 0
2007481332 271 1 8 0
2007484835 295 1 5 0
2007484843 287 1 5 0
2007485084 256 1 8 1
2007485925 346 1 2 1
2007487360 181 0 1 1
2007499620 252 1 8 0
2007499967 257 1 8 1
2007504330 58 0 1 0
2007504583 271 1 8 1
2007506424 346 1 2 0
2007508534 295 1 5 1
2007514104 326 1 7 0
2007517651 336 1 3 0
2007519790 47 0 1 1
2007520459 316 1 3 1
2007530207 287 1 4 0
2007530298 287 1 5 1
2007531666 257 1 8 0
2007534483 141 0 1 0
2007534787 326 1 7 1
2007536307 252 1 8 1
2007537818 160 0 1 0
2007547916 266 1 8 0
2007551188 119 0 1 1
2007551346 336 1 3 1
2007552054 47 0 1 0
2007555743 58 0 1 1
2007556555 345 1 1 0
2007558937 356 1 3 0
2007561997 287 1 5 0
2007564490 287 1 4 1
2007565513 141 0 1 1
2007567172 256 1 8 0
2007577372 181 0 1 0
2007579137 257 1 8 1
2007580112 214 0 1 0
2007580974 326 1 6 0
2007587846 266 1 8 1
2007588807 336 1 5 1
2007598129 143 0 1 0
2007606513 160 0 1 1
2007609468 287 1 5 1
2007609869 47 0 1 1
2007617077 326 1 6 1
2007618323 356 1 4 0
2007618551 257 1 8 0
2007622187 256 1 8 1
2007634354 326 1 3 1
2007644286 213 0 1 0
2007648882 287 1 5 0
2007649416 356 1 3 1
2007649604 256 1 8 0
2007653776 265 1 8 0
2007664696 255 1 8 0
2007665551 356 1 4 1
2007672435 336 1 3 0
2007672574 257 1 8 1
2007681403 265 1 8 1
2007681569 345 1 1 1
2007681883 271 1 8 0
2007684318 295 1 6 0
2007686354 143 0 1 1
2007695283 255 1 8 1
2007697095 257 1 8 0
2007700750 160 0 1 0
2007701708 345 1 1 0
2007702821 287 1 5 1
2007704183 355 1 4 0
2007708778 53 0 1 0
2007711638 295 1 6 1
2007712559 356 1 4 0
2007717394 356 1 3 0
2007717470 336 1 3 1
2007719498 326 1 7 0
2007722542 213 0 1 1
2007722814 213 0 1 0
2007724130 271 1 8 1
2007725106 206 0 1 0
2007725530 355 1 4 1
2007727426 287 1 5 0
2007746053 326 1 7 1
2007747405 53 0 1 1
2007753938 251 1 8 1
2007755128 160 0 1 1
2007755551 250 1 8 0
2007756283 345 1 1 1
2007759266 257 1 8 1
2007766743 206 0 1 1
2007768905 252 1 8 0
2007770303 256 1 8 1
2007777482 355 1 3 0
2007779056 356 1 4 1
2007780069 356 1 3 1
2007780209 266 1 8 0
2007787144 250 1 8 1
2007789597 287 1 5 1
2007799656 287 1 4 0
2007808233 209 0 1 0
2007808296 251 1 8 0
2007810589 355 1 3 1
2007810717 214 0 1 1
2007816673 271 1 8 0
2007818420 345 1 1 0
2007819643 135 0 1 1
2007820328 252 1 8 1
2007829488 326 1 6 0
2007830155 47 0 1 0
2007835351 336 1 3 0
2007838132 266 1 8 1
2007840920 209 0 1 1
2007843390 251 1 8 1
2007849016 213 0 1 1
2007849815 287 1 4 1
2007851116 271 1 8 1
2007851629 255 1 8 0
2007853176 164 0 1 1
2007861859 143 0 1 0
2007862233 252 1 8 0
2007865147 326 1 6 1
2007867738 345 1 1 1
2007869882 160 0 1 0
2007873498 336 1 3 1
2007876588 256 1 8 0
2007877431 181 0 1 1
2007877667 49 0 1 1
2007880048 266 1 8 0
2007883724 355 1 4 0
2007888108 47 0 1 1
2007892001 251 1 8 0
2007892728 287 1 4 0
2007897168 255 1 8 1
2007897224 252 1 8 1
2007901088 345 1 1 0
2007903816 206 0 1 0
2007906011 256 1 8 1
2007907452 271 1 8 0
2007910633 160 0 1 1
2007910717 143 0 1 1
2007912441 326 1 6 0
2007913315 47 0 1 0
2007918779 287 1 4 1
2007920279 251 1 8 1
2007922500 336 1 3 0
2007927256 355 1 4 1
2007929420 143 0 1 0
2007935535 255 1 8 0
2007940968 326 1 6 1
2007942133 266 1 8 1
2007944554 261 1 8 0
2007946111 160 0 1 0
2007948170 326 1 7 0
2007950483 336 1 3 1
2007955614 271 1 8 1
2007956123 345 1 1 1
2007957913 252 1 8 0
2007963696 47 0 1 1
2007964274 255 1 8 1
2007966034 355 1 4 0
2007967273 141 0 1 0
2007982941 326 1 7 1
2007985873 336 1 5 0
2007987322 266 1 8 0
2007988122 160 0 1 1
2007991502 287 1 4 0
2007994437 355 1 4 1
2007997372 256 1 8 0
2007999841 141 0 1 1
2008006965 143 0 1 1
2008010315 356 1 4 0
2008010576 164 0 1 0
2008012089 47 0 1 0
2008021256 266 1 8 1
2008021911 256 1 8 1
2008029384 326 1 6 0
2008030575 213 0 1 0
2008038345 252 1 8 1
2008042510 261 1 8 1
2008044608 206 0 1 1
2008046736 345 1 1 0
2008046971 143 0 1 0
2008052055 326 1 6 1
2008052335 356 1 4 1
2008055819 271 1 8 0
2008063890 266 1 8 0
2008064929 287 1 4 1
2008066272 336 1 5 1
2008070358 256 1 8 0
2008073135 345 1 1 1
2008082376 257 1 8 0
2008086138 271 1 8 1
2008095957 266 1 8 1
2008099009 164 0 1 1
2008100941 356 1 4 0
2008102479 261 1 8 0
2008105224 346 1 2 1
2008107861 143 0 1 1
2008112875 287 1 5 0
2008119429 256 1 8 1
2008120019 257 1 8 1
2008120683 252 1 8 0
2008128243 346 1 2 0
2008129142 261 1 8 1
2008129176 356 1 4 1
2008133562 336 1 5 0
2008142870 49 0 1 0
2008150350 287 1 5 1
2008151430 287 1 4 0
2008155147 257 1 8 0
2008155638 256 1 8 0
2008159193 336 1 5 1
2008159822 252 1 8 1
2008163669 164 0 1 0
2008172045 213 0 1 1
2008177371 261 1 8 0
2008184577 49 0 1 1
2008185982 287 1 5 0
2008189300 164 0 1 1
2008189913 287 1 4 1
2008193463 271 1 8 0
2008202277 356 1 4 0
2008208287 336 1 5 0
2008212278 257 1 8 1
2008213154 345 1 1 0
2008215305 49 0 1 0
2008216570 261 1 8 1
2008217401 256 1 8 1
2008222444 213 0 1 0
2008238366 164 0 1 0
2008242609 287 1 5 1
2008246434 336 1 5 1
2008247019 261 1 8 0
2008248830 271 1 8 1
2008248992 356 1 4 1
2008251443 257 1 8 0
2008252287 345 1 1 1
2008255060 256 1 8 0
2008257704 260 1 8 0
2008271596 49 0 1 1
2008274696 251 1 8 0
2008276934 164 0 1 1
2008277686 336 1 5 0
2008277828 271 1 8 0
2008281774 287 1 5 0
2008283746 256 1 8 1
2008284866 261 1 8 1
2008285526 356 1 4 0
2008286441 260 1 8 1
2008303776 256 1 8 0
2008307551 356 1 6 1
2008307765 164 0 1 0
2008308545 326 1 7 0
2008313113 49 0 1 0
2008314741 336 1 5 1
2008317395 251 1 8 1
2008319809 356 1 4 1
2008323486 336 1 6 1
2008324030 336 1 3 0
2008325710 257 1 8 1
2008337506 345 1 1 0
2008343965 164 0 1 1
2008345700 141 0 1 0
2008346049 336 1 3 1
2008349405 160 0 1 0
2008352297 255 1 8 0
2008354407 271 1 8 1
2008354746 251 1 8 0
2008355327 305 1 5 1
2008356041 287 1 5 1
2008356771 213 0 1 1
2008360438 257 1 8 0
2008368277 356 1 3 0
2008373666 345 1 1 1
2008375456 160 0 1 1
2008378191 265 1 8 0
2008379265 266 1 8 0
2008383869 326 1 7 1
2008383880 355 1 4 0
2008384356 49 0 1 1
2008384877 256 1 8 1
2008388952 140 0 1 0
2008389277 336 1 3 0
2008390789 287 1 5 0
2008390968 356 1 3 1
2008392202 255 1 8 1
2008393102 141 0 1 1
2008396065 257 1 8 1
2008396809 251 1 8 1
2008403862 265 1 8 1
2008404047 206 0 1 0
2008408961 295 1 6 0
2008410204 336 1 3 1
2008415168 140 0 1 1
2008416483 355 1 4 1
2008416497 252 1 8 0
2008417508 160 0 1 0
2008421190 326 1 6 0
2008421960 49 0 1 0
2008426332 287 1 5 1
2008427584 266 1 8 1
2008431988 256 1 8 0
2008434162 295 1 6 1
2008436636 251 1 8 0
2008438345 143 0 1 0
2008438435 160 0 1 1
2008447164 287 1 4 0
2008451020 47 0 1 1
2008455067 49 0 1 1
2008457573 326 1 6 1
2008459587 256 1 8 1
2008459743 316 1 3 0
2008459771 47 0 1 0
2008463275 356 1 4 0
2008470288 252 1 8 1
2008473308 345 1 1 0
2008489822 119 0 1 0
2008490330 213 0 1 0
2008491838 206 0 1 1
2008492019 256 1 8 0
2008495370 316 1 3 1
2008495542 356 1 4 1
2008500347 287 1 4 1
2008509698 356 1 3 0
2008511948 255 1 8 0
2008520231 345 1 1 1
2008523250 356 1 4 0
2008523950 167 0 1 1
2008524531 252 1 8 0
2008529149 213 0 1 1
2008531629 210 0 1 0
2008533843 143 0 1 1
2008534947 271 1 8 0
2008535150 316 1 3 0
2008541686 119 0 1 1
2008542045 214 0 1 0
2008546021 213 0 1 0
2008548529 256 1 8 1
2008548849 119 0 1 0
2008551359 255 1 8 1
2008551793 356 1 3 1
2008551879 256 1 8 0
2008555338 252 1 8 1
2008556262 287 1 4 0
2008557051 345 1 1 0
2008566164 214 0 1 1
2008571939 271 1 8 1
2008574595 326 1 7 0
2008581824 265 1 8 0
2008585589 287 1 4 1
2008593342 256 1 8 1
2008594411 210 0 1 1
2008595863 266 1 8 0
2008600594 326 1 7 1
2008601851 140 0 1 0
2008603043 295 1 6 0
2008605325 82 0 1 1
2008612996 345 1 1 1
2008613159 356 1 4 1
2008615283 260 1 8 0
2008624763 265 1 8 1
2008628744 252 1 8 0
2008630318 326 1 6 0
2008631720 140 0 1 1
2008633402 316 1 3 1
2008636494 266 1 8 1
2008637386 260 1 8 1
2008640913 256 1 8 0
2008642315 295 1 5 0
2008648069 143 0 1 0
2008652044 336 1 3 0
2008654056 213 0 1 1
2008656383 119 0 1 1
2008660923 287 1 4 0
2008662818 58 0 1 0
2008666329 326 1 6 1
2008667694 295 1 5 1
2008669583 326 1 3 0
2008675103 251 1 8 1
2008675308 356 1 4 0
2008678668 256 1 8 1
2008682295 336 1 3 1
2008684938 251 1 8 0
2008685735 160 0 1 0
2008693871 252 1 8 1
2008695862 271 1 8 0
2008699688 135 0 1 0
2008702213 213 0 1 0
2008708029 256 1 8 0
2008708509 326 1 3 1
2008708853 356 1 4 1
2008711993 316 1 3 0
2008716070 160 0 1 1
2008720006 266 1 8 0
2008721056 252 1 8 0
2008723097 271 1 8 1
2008723514 287 1 4 1
2008723664 58 0 1 1
2008731603 326 1 7 0
2008739124 256 1 8 1
2008739423 356 1 4 0
2008742156 119 0 1 0
2008742712 213 0 1 1
2008743431 252 1 8 1
2008744179 143 0 1 1
2008744913 135 0 1 1
2008750857 326 1 3 0
2008751400 316 1 3 1
2008751555 287 1 4 0
2008751690 326 1 7 1
2008755474 345 1 1 0
2008757370 326 1 6 0
2008766403 213 0 1 0
2008768507 356 1 4 1
2008769434 266 1 8 1
2008773658 287 1 4 1
2008774913 143 0 1 0
2008776232 135 0 1 0
2008781983 119 0 1 1
2008787084 257 1 8 0
2008787153 345 1 1 1
2008791341 326 1 3 1
2008791942 316 1 3 0
2008792817 326 1 6 1
2008800097 271 1 8 0
2008801778 213 0 1 1
2008812547 256 1 8 0
2008817919 287 1 5 0
2008822021 119 0 1 0
2008824689 252 1 8 0
2008829515 257 1 8 1
2008831011 135 0 1 1
2008831873 326 1 3 0
2008832525 316 1 3 1
2008836772 326 1 7 0
2008842356 271 1 8 1
2008845197 356 1 4 0
2008845994 256 1 8 1
2008850047 261 1 8 0
2008850669 49 0 1 0
2008858340 135 0 1 0
2008859088 287 1 4 0
2008859829 287 1 5 1
2008863108 119 0 1 1
2008865364 252 1 8 1
2008865399 141 0 1 0
2008865749 326 1 3 1
2008865865 257 1 8 0
2008870575 140 0 1 0
2008871589 213 0 1 0
2008872263 326 1 7 1
2008875709 356 1 4 1
2008875887 143 0 1 1
2008879915 266 1 8 0
2008882294 336 1 3 0
2008883854 336 1 5 0
2008887325 251 1 8 1
2008891591 141 0 1 1
2008895723 287 1 4 1
2008896196 287 1 5 0
2008899269 160 0 1 0
2008900050 356 1 6 0
2008900408 49 0 1 1
2008902011 140 0 1 1
2008902115 135 0 1 1
2008904483 256 1 8 0
2008904606 261 1 8 1
2008905905 213 0 1 1
2008910109 336 1 3 1
2008911842 266 1 8 1
2008917810 326 1 6 0
2008918968 251 1 8 0
2008922244 257 1 8 1
2008923742 345 1 1 0
2008925767 261 1 8 0
2008926527 49 0 1 0
2008926946 213 0 1 0
2008927874 356 1 6 1
2008930313 164 0 1 0
2008933677 336 1 5 1
2008934837 260 1 8 0
2008936539 326 1 3 0
2008936965 356 1 4 0
2008937594 256 1 8 1
2008938330 143 0 1 0
2008940578 326 1 6 1
2008947953 266 1 8 0
2008950555 287 1 5 1
2008950638 261 1 8 1
2008957138 336 1 5 0
2008959394 135 0 1 0
2008961506 345 1 1 1
2008962816 164 0 1 1
2008963076 257 1 8 0
2008965110 295 1 5 0
2008967477 356 1 4 1
2008979626 49 0 1 1
2008980669 336 1 5 1
2008980680 266 1 8 1
2008983967 326 1 3 1
2008984773 58 0 1 0
2008987480 160 0 1 1
2008987939 356 1 3 0
2008988443 164 0 1 0
2008988885 256 1 8 0
2008988960 356 1 6 0
2008991012 143 0 1 1
2008993312 260 1 8 1
2008996845 213 0 1 1
2008997782 287 1 5 0
2009002405 261 1 8 0
2009010559 356 1 6 1
2009010882 164 0 1 1
2009011852 213 0 1 0
2009011928 336 1 7 1
2009014406 210 0 1 0
2009015875 295 1 5 1
2009018430 135 0 1 1
2009020064 356 1 4 0
2009023647 326 1 3 0
2009029026 356 1 3 1
2009029289 49 0 1 0
2009032827 251 1 8 1
2009033244 336 1 5 0
2009036678 257 1 8 1
2009037956 345 1 1 0
2009053174 326 1 3 1
2009056103 336 1 5 1
2009062765 135 0 1 0
2009063584 164 0 1 0
2009067093 287 1 5 1
2009072674 210 0 1 1
2009074127 345 1 1 1
2009074208 257 1 8 0
2009076398 266 1 8 0
2009081915 336 1 5 0
2009083049 250 1 8 0
2009083272 135 0 1 1
2009086359 164 0 1 1
2009086847 256 1 8 1
2009090022 251 1 8 0
2009093392 49 0 1 1
2009094248 58 0 1 1
2009097749 266 1 8 1
2009103565 250 1 8 1
2009104455 287 1 5 0
2009107453 356 1 4 1
2009108501 256 1 8 0
2009108926 252 1 8 0
2009110171 257 1 8 1
2009110944 295 1 3 0
2009112162 164 0 1 0
2009119395 261 1 8 1
2009122963 53 0 1 0
2009123102 271 1 8 0
2009127409 356 1 3 0
2009132039 295 1 3 1
2009135710 49 0 1 0
2009140108 326 1 3 0
2009140387 356 1 4 0
2009140418 287 1 5 1
2009140741 287 1 4 0
2009146051 213 0 1 1
2009147500 336 1 7 0
2009148286 336 1 5 1
2009159756 210 0 1 0
2009164922 213 0 1 0
2009165462 252 1 8 1
2009166847 326 1 3 1
2009169491 356 1 7 1
2009170943 135 0 1 0
2009173936 271 1 8 1
2009174712 356 1 3 1
2009178617 164 0 1 1
2009179523 251 1 8 1
2009182151 345 1 1 0
2009183269 336 1 3 0
2009195058 49 0 1 1
2009195091 287 1 4 1
2009196994 135 0 1 1
2009199573 53 0 1 1
2009200076 160 0 1 0
2009206723 210 0 1 1
2009209582 271 1 8 0
2009209740 336 1 3 1
2009212062 250 1 8 0
2009232096 345 1 1 1
2009234749 355 1 3 0
2009235926 251 1 8 0
2009240941 252 1 8 0
2009242241 271 1 8 1
2009248949 250 1 8 1
2009265500 209 0 1 0
2009266257 336 1 3 0
2009270964 355 1 3 1
2009271340 252 1 8 1
2009271488 287 1 4 0
2009271562 345 1 1 0
2009281528 266 1 8 0
2009285557 213 0 1 1
2009288265 356 1 3 0
2009288276 336 1 3 1
2009297027 336 1 7 1
2009300227 287 1 4 1
2009303463 356 1 6 0
2009304471 336 1 6 0
2009307746 250 1 8 0
2009320123 160 0 1 1
2009320948 210 0 1 0
2009324974 213 0 1 0
2009326237 209 0 1 1
2009327084 345 1 1 1
2009327840 252 1 8 0
2009329469 251 1 8 1
2009332610 260 1 8 0
2009334718 167 0 1 0
2009339846 336 1 6 1
2009341185 295 1 3 0
2009342955 266 1 8 1
2009347237 250 1 8 1
2009348241 355 1 3 0
2009350688 356 1 3 1
2009354462 356 1 6 1
2009356904 260 1 8 1
2009358287 287 1 4 0
2009358328 53 0 1 0
2009359056 271 1 8 0
2009362905 295 1 5 0
2009365132 209 0 1 0
2009367488 295 1 3 1
2009371410 251 1 8 0
2009372445 167 0 1 1
2009373720 356 1 7 0
2009374040 355 1 3 1
2009381980 58 0 1 0
2009382531 210 0 1 1
2009387192 295 1 5 1
2009392792 271 1 8 1
2009392837 336 1 3 0
2009394452 326 1 7 0
2009395396 266 1 8 0
2009396563 295 1 6 1
2009405735 356 1 7 1
2009412720 252 1 8 1
2009414131 345 1 1 0
2009418995 326 1 7 1
2009422070 53 0 1 1
2009423504 160 0 1 0
2009430903 356 1 6 0
2009433415 58 0 1 1
2009441962 287 1 4 1
2009442675 209 0 1 1
2009443561 257 1 8 0
2009445706 345 1 1 1
2009446196 260 1 8 0
2009446959 266 1 8 1
2009459790 251 1 8 1
2009470231 260 1 8 1
2009473808 287 1 5 0
2009474612 356 1 6 1
2009476527 295 1 5 0
2009480263 271 1 8 0
2009481144 336 1 3 1
2009481623 266 1 8 0
2009486950 252 1 8 0
2009487787 256 1 8 1
2009488290 257 1 8 1
2009491707 49 0 1 0
2009500526 295 1 5 1
2009503770 326 1 6 0
2009503822 271 1 8 1
2009506906 58 0 1 0
2009509098 336 1 7 0
2009511295 160 0 1 1
2009517477 287 1 4 0
2009518507 287 1 5 1
2009528069 252 1 8 1
2009528477 143 0 1 0
2009528614 257 1 8 0
2009530709 256 1 8 0
2009530773 58 0 1 1
2009530781 336 1 7 1
2009537330 271 1 8 0
2009539765 160 0 1 0
2009544645 213 0 1 1
2009546442 266 1 8 1
2009558228 287 1 4 1
2009558880 287 1 5 0
2009559936 160 0 1 1
2009564593 326 1 6 1
2009568696 256 1 8 1
2009568778 251 1 8 0
2009574682 356 1 7 0
2009584862 257 1 8 1
2009586862 271 1 8 1
2009590121 356 1 3 0
2009591960 345 1 1 0
2009594524 261 1 8 0
2009596193 213 0 1 0
2009607591 265 1 8 0
2009610803 287 1 5 1
2009613064 356 1 3 1
2009613137 336 1 3 0
2009616693 356 1 7 1
2009620393 256 1 8 0
2009623741 251 1 8 1
2009627955 295 1 6 0
2009629359 336 1 5 0
2009629509 257 1 8 0
2009631785 316 1 3 0
2009632053 345 1 1 1
2009633416 181 0 1 0
2009634400 336 1 3 1
2009637903 261 1 8 1
2009643468 160 0 1 0
2009647311 265 1 8 1
2009653888 316 1 3 1
2009655844 213 0 1 1
2009655936 143 0 1 1
2009656281 266 1 8 0
2009659840 287 1 5 0
2009660782 164 0 1 0
2009665319 160 0 1 1
2009667590 336 1 5 1
2009669125 256 1 8 1
2009675126 261 1 8 0
2009688494 345 1 1 0
2009691219 181 0 1 1
2009696224 326 1 6 0
2009697523 164 0 1 1
2009700459 181 0 1 0
2009705204 257 1 8 1
2009706953 336 1 5 0
2009713485 256 1 8 0
2009715027 143 0 1 0
2009732319 326 1 6 1
2009735535 287 1 5 1
2009737141 250 1 8 0
2009737284 164 0 1 0
2009743809 257 1 8 0
2009747900 356 1 6 0
2009753766 143 0 1 1
2009756938 345 1 1 1
2009767573 261 1 8 1
2009768378 250 1 8 1
2009769840 213 0 1 0
2009772474 266 1 8 1
2009774132 287 1 5 0
2009777307 252 1 8 0
2009778674 181 0 1 1
2009781108 257 1 8 1
2009782370 256 1 8 1
2009784476 336 1 5 1
2009799042 261 1 8 0
2009799328 356 1 6 1
2009808538 287 1 4 0
2009811355 287 1 5 1
2009814575 164 0 1 1
2009831214 252 1 8 1
2009832592 345 1 1 0
2009834848 271 1 8 0
2009837737 261 1 8 1
2009839105 256 1 8 0
2009845026 336 1 5 0
2009857799 213 0 1 1
2009858206 336 1 7 0
2009860881 287 1 4 1
2009861579 265 1 8 0
2009862759 181 0 1 0
2009864814 326 1 7 0
2009869313 336 1 5 1
2009870808 347 1 3 1
2009875273 164 0 1 0
2009883408 256 1 8 1
2009884470 141 0 1 0
2009886525 336 1 7 1
2009888542 251 1 8 0
2009890142 160 0 1 0
2009892163 345 1 1 1
2009899310 181 0 1 1
2009900400 164 0 1 1
2009907768 265 1 8 1
2009912534 251 1 8 1
2009914990 326 1 7 1
2009916193 160 0 1 1
2009923586 356 1 7 0
2009924078 140 0 1 0
2009928685 347 1 3 0
2009930402 140 0 1 1
2009938462 251 1 8 0
2009942720 252 1 8 0
2009944728 141 0 1 1
2009945199 213 0 1 0
2009954049 266 1 8 0
2009960141 356 1 3 0
2009966236 336 1 6 0
2009966956 271 1 8 1
2009967089 347 1 3 1
2009971171 252 1 8 1
2009971391 345 1 1 0
2009973247 287 1 4 0
2009973673 256 1 8 0
2009974421 316 1 3 0
2009975548 326 1 7 0
2009979362 49 0 1 1
2009988120 119 0 1 0
2009989794 250 1 8 0
2009989818 356 1 7 1
2009992068 214 0 1 0
2009994304 266 1 8 1
2009995266 287 1 4 1
2009996735 326 1 7 1
2009997290 345 1 1 1
2009997896 140 0 1 0
2009997911 167 0 1 0
2010002989 355 1 3 0
2010003254 356 1 3 1
2010005270 213 0 1 1
2010010340 250 1 8 1
2010011768 346 1 2 1
2010017403 336 1 6 1
2010019880 209 0 1 0
2010027779 214 0 1 1
2010034584 355 1 3 1
2010035994 347 1 3 0
2010039528 256 1 8 1
2010040971 346 1 2 0
2010041276 140 0 1 1
2010047615 167 0 1 1
2010048714 251 1 8 1
2010064159 345 1 1 0
2010066468 316 1 3 1
2010073770 347 1 3 1
2010078414 256 1 8 0
2010079354 251 1 8 0
2010083863 260 1 8 0
2010087399 181 0 1 0
2010104874 266 1 8 0
2010105406 119 0 1 1
2010107814 260 1 8 1
2010109693 316 1 3 0
2010114110 295 1 5 0
2010114603 209 0 1 1
2010123214 271 1 8 0
2010124673 256 1 8 1
2010129277 345 1 1 1
2010131460 316 1 3 1
2010134893 336 1 3 0
2010137901 336 1 6 0
2010138071 295 1 5 1
2010139856 119 0 1 0
2010144762 251 1 8 1
2010145095 58 0 1 0
2010147122 347 1 3 0
2010156813 266 1 8 1
2010157245 326 1 7 0
2010160921 356 1 7 0
2010161349 271 1 8 1
2010161875 119 0 1 1
2010162162 266 1 8 0
2010164731 336 1 3 1
2010167625 252 1 8 0
2010167980 167 0 1 0
2010168309 58 0 1 1
2010170495 160 0 1 0
2010176420 140 0 1 0
2010178206 256 1 8 0
2010179933 347 1 3 1
2010182856 356 1 7 1
2010188736 326 1 7 1
2010197554 160 0 1 1
2010202711 287 1 4 0
2010204976 347 1 3 0
2010206113 266 1 8 1
2010211004 356 1 6 0
2010215766 251 1 8 0
2010221173 336 1 6 1
2010229202 181 0 1 1
2010231847 356 1 6 1
2010233786 326 1 3 0
2010234204 213 0 1 0
2010238204 261 1 8 0
2010251151 167 0 1 1
2010261354 252 1 8 1
2010262375 140 0 1 1
2010265815 135 0 1 0
2010267731 213 0 1 1
2010270427 336 1 5 0
2010270454 345 1 1 0
2010271659 316 1 3 0
2010271978 326 1 3 1
2010275126 251 1 8 1
2010275899 347 1 3 1
2010290586 287 1 4 1
2010291950 266 1 8 0
2010292007 261 1 8 1
2010301355 164 0 1 0
2010301822 119 0 1 0
2010302465 265 1 8 0
2010303159 135 0 1 1
2010305186 316 1 3 1
2010308713 345 1 1 1
2010314561 255 1 8 0
2010314645 181 0 1 0
2010319587 336 1 5 1
2010321778 261 1 8 0
2010322121 266 1 8 1
2010329188 265 1 8 1
2010329345 336 1 6 0
2010331794 271 1 8 0
2010335685 119 0 1 1
2010338596 255 1 8 1
2010341284 181 0 1 1
2010349776 164 0 1 1
2010351784 336 1 6 1
2010353169 336 1 5 0
2010359610 347 1 3 0
2010359676 167 0 1 0
2010370149 326 1 7 0
2010373217 336 1 7 0
2010382031 167 0 1 1
2010382109 271 1 8 1
2010383500 164 0 1 0
2010385565 356 1 7 0
2010389880 140 0 1 0
2010394613 326 1 7 1
2010395905 257 1 8 0
2010396406 251 1 8 0
2010403132 336 1 7 1
2010404220 160 0 1 0
2010410692 356 1 7 1
2010426152 287 1 5 0
2010426456 266 1 8 0
2010432606 326 1 3 0
2010433295 160 0 1 1
2010434041 252 1 8 0
2010438020 140 0 1 1
2010440352 257 1 8 1
2010443967 49 0 1 0
2010444425 261 1 8 1
2010446717 271 1 8 0
2010448983 266 1 8 1
2010455865 347 1 3 1
2010458316 356 1 7 0
2010459833 336 1 5 1
2010463534 135 0 1 0
2010464504 287 1 4 0
2010466973 316 1 3 0
2010470603 287 1 5 1
2010473734 326 1 3 1
2010480756 252 1 8 1
2010489855 164 0 1 1
2010497145 119 0 1 0
2010499724 326 1 7 0
2010502950 135 0 1 1
2010510799 287 1 4 1
2010515125 316 1 3 1
2010524969 141 0 1 0
2010528057 326 1 7 1
2010529298 326 1 3 0
2010544004 266 1 8 0
2010551492 347 1 3 0
2010553633 49 0 1 1
2010557688 141 0 1 1
2010558715 336 1 6 0
2010563840 336 1 3 0
2010566665 326 1 7 0
2010568461 271 1 8 1
2010569693 336 1 7 0
2010577791 257 1 8 0
2010588540 326 1 7 1
2010588710 167 0 1 0
2010588775 160 0 1 0
2010589760 266 1 8 1
2010594844 135 0 1 0
2010596205 336 1 3 1
2010598542 336 1 6 1
2010601036 336 1 7 1
2010604851 119 0 1 1
2010608038 287 1 5 0
2010619887 135 0 1 1
2010620342 345 1 1 0
2010628877 49 0 1 0
2010629377 167 0 1 1
2010629957 257 1 8 1
2010630243 266 1 8 0
2010639104 356 1 3 0
2010642402 326 1 6 0
2010647233 181 0 1 0
2010647334 160 0 1 1
2010648835 271 1 8 0
2010654012 257 1 8 0
2010660121 287 1 5 1
2010666169 143 0 1 0
2010672543 214 0 1 0
2010674121 345 1 1 1
2010678318 326 1 6 1
2010684347 287 1 5 0
2010684551 266 1 8 1
2010688087 356 1 3 1
2010688461 271 1 8 1
2010691241 326 1 7 0
2010708475 266 1 8 0
2010716249 356 1 3 0
2010718082 214 0 1 1
2010718660 326 1 7 1
2010724638 345 1 1 0
2010725366 326 1 6 0
2010728104 141 0 1 0
2010729891 257 1 8 1
2010743018 266 1 8 1
2010744638 261 1 8 0
2010746580 214 0 1 0
2010746784 140 0 1 0
2010748708 250 1 8 0
2010751492 141 0 1 1
2010759538 287 1 5 1
2010766683 356 1 3 1
2010768707 295 1 3 0
2010771603 326 1 6 1
2010772428 140 0 1 1
2010772878 251 1 8 1
2010776485 336 1 5 0
2010777847 135 0 1 0
2010780303 250 1 8 1
2010781857 336 1 3 0
2010782574 53 0 1 0
2010791108 257 1 8 0
2010793507 266 1 8 0
2010795041 255 1 8 0
2010796907 214 0 1 1
2010804968 164 0 1 0
2010805662 135 0 1 1
2010807656 336 1 3 1
2010808389 251 1 8 0
2010810046 295 1 3 1
2010811944 160 0 1 0
2010820849 345 1 1 1
2010821355 287 1 5 0
2010823734 326 1 6 0
2010823918 266 1 8 1
2010826716 355 1 4 0
2010829003 257 1 8 1
2010830336 252 1 8 0
2010831357 356 1 6 0
2010832067 261 1 8 1
2010838708 271 1 8 0
2010839644 336 1 3 0
2010839759 160 0 1 1
2010844699 206 0 1 0
2010845221 255 1 8 1
2010847324 213 0 1 0
2010847489 326 1 6 1
2010856484 356 1 6 1
2010859268 287 1 5 1
2010860001 336 1 5 1
2010860875 287 1 4 0
2010868299 336 1 3 1
2010869716 356 1 3 0
2010869975 160 0 1 0
2010873264 261 1 8 0
2010873515 355 1 4 1
2010877063 336 1 7 0
2010881416 345 1 1 0
2010885111 252 1 8 1
2010887231 271 1 8 1
2010889096 347 1 3 1
2010891247 164 0 1 1
2010899795 214 0 1 0
2010905663 336 1 5 0
2010912794 53 0 1 1
2010914196 181 0 1 1
2010914280 255 1 8 0
2010914451 213 0 1 1
2010914730 287 1 4 1
2010914874 336 1 7 1
2010917826 345 1 1 1
2010922747 271 1 8 0
2010926967 347 1 3 0
2010929374 160 0 1 1
2010930700 336 1 3 0
2010930879 356 1 3 1
2010936498 164 0 1 0
2010939408 251 1 8 1
2010947471 255 1 8 1
2010949063 355 1 4 0
2010950630 266 1 8 0
2010951654 271 1 8 1
2010955123 206 0 1 1
2010956590 214 0 1 1
2010958706 336 1 7 0
2010960898 261 1 8 1
2010963182 206 0 1 0
2010968990 160 0 1 0
2010969414 336 1 3 1
2010977634 355 1 4 1
2010977746 336 1 5 1
2010981397 336 1 7 1
2010981831 251 1 8 0
2010982976 345 1 1 0
2010990361 356 1 6 0
2010992191 49 0 1 1
2010998485 266 1 8 1
2010999822 271 1 8 0
2011002301 326 1 6 0
2011010009 164 0 1 1
2011010528 213 0 1 0
2011012090 336 1 3 0
2011015740 356 1 6 1
2011016965 160 0 1 1
2011020985 206 0 1 1
2011023832 260 1 8 0
2011024512 326 1 6 1
2011029586 252 1 8 0
2011030616 135 0 1 0
2011040879 255 1 8 0
2011043771 345 1 1 1
2011043814 160 0 1 0
2011047592 260 1 8 1
2011053055 135 0 1 1
2011054041 295 1 5 0
2011061410 287 1 4 0
2011061650 356 1 3 0
2011061794 336 1 3 1
2011062194 251 1 8 1
2011065895 213 0 1 1
2011071466 355 1 4 0
2011072715 336 1 7 0
2011073062 255 1 8 1
2011073979 271 1 8 1
2011077848 295 1 5 1
2011082834 210 0 1 0
2011083678 356 1 3 1
2011084984 58 0 1 0
2011085731 266 1 8 0
2011091633 206 0 1 0
2011095302 271 1 8 0
2011096761 355 1 4 1
2011102925 251 1 8 0
2011108095 58 0 1 1
2011108129 210 0 1 1
2011118588 356 1 6 0
2011122149 346 1 2 1
2011128157 271 1 8 1
2011128552 336 1 3 0
2011130378 252 1 8 1
2011132820 346 1 2 0
2011136487 213 0 1 0
2011136904 251 1 8 1
2011137782 345 1 1 0
2011140346 336 1 7 1
2011142632 206 0 1 1
2011145604 316 1 3 0
2011149143 336 1 3 1
2011154296 336 1 6 0
2011158357 287 1 4 1
2011159675 356 1 6 1
2011162327 119 0 1 0
2011166709 345 1 1 1
2011173419 316 1 3 1
2011174376 266 1 8 1
2011175503 257 1 8 0
2011176062 265 1 8 0
2011176461 160 0 1 1
2011182107 167 0 1 0
2011183036 271 1 8 0
2011191603 336 1 6 1
2011198585 265 1 8 1
2011201804 266 1 8 0
2011205754 287 1 5 0
2011211550 257 1 8 1
2011213311 252 1 8 0
2011217902 167 0 1 1
2011220631 356 1 6 0
2011224577 49 0 1 0
2011232515 271 1 8 1
2011241801 287 1 5 1
2011243786 287 1 4 0
2011248643 119 0 1 1
2011251604 261 1 8 0
2011253859 266 1 8 1
2011260695 257 1 8 0
2011261234 252 1 8 1
2011278371 251 1 8 0
2011284080 356 1 6 1
2011284143 336 1 5 0
2011291026 287 1 5 0
2011305207 287 1 4 1
2011311754 143 0 1 1
2011312710 164 0 1 0
2011317522 356 1 3 0
2011318855 261 1 8 1
2011320854 251 1 8 1
2011327831 257 1 8 1
2011333123 345 1 1 0
2011336868 266 1 8 0
2011344413 356 1 3 1
2011348246 336 1 5 1
2011349785 214 0 1 0
2011351371 257 1 8 0
2011354937 345 1 1 1
2011357398 255 1 8 0
2011358069 287 1 5 1
2011364425 251 1 8 0
2011366642 261 1 8 0
2011371972 214 0 1 1
2011374135 326 1 6 0
2011374974 213 0 1 1
2011381702 287 1 5 0
2011385012 316 1 3 0
2011387397 255 1 8 1
2011389394 143 0 1 0
2011397373 336 1 5 0
2011398063 266 1 8 1
2011401651 119 0 1 0
2011402001 261 1 8 1
2011411211 257 1 8 1
2011412726 345 1 1 0
2011413506 271 1 8 0
2011424365 326 1 7 0
2011428664 326 1 6 1
2011431992 336 1 5 1
2011437836 135 0 1 0
2011441521 287 1 5 1
2011444184 251 1 8 1
2011453129 336 1 7 0
2011456973 345 1 1 1
2011457454 257 1 8 0
2011458427 135 0 1 1
2011458940 265 1 8 0
2011460823 326 1 7 1
2011464263 316 1 3 1
2011466114 261 1 8 0
2011466827 141 0 1 0
2011480944 336 1 7 1
2011482200 160 0 1 0
2011485208 266 1 8 0
2011487007 265 1 8 1
2011487785 287 1 5 0
2011491017 271 1 8 1
2011495349 257 1 8 1
2011497017 336 1 5 0
2011498010 141 0 1 1
2011501806 252 1 8 0
2011504122 119 0 1 1
2011512199 160 0 1 1
2011513585 287 1 4 0
2011514313 261 1 8 1
2011514459 251 1 8 0
2011515027 266 1 8 1
2011515867 326 1 6 0
2011525680 287 1 5 1
2011537348 336 1 5 1
2011545462 316 1 3 0
2011546150 251 1 8 1
2011546702 326 1 6 1
2011551939 271 1 8 0
2011554654 345 1 1 0
2011559781 252 1 8 1
2011562101 119 0 1 0
2011567759 261 1 8 0
2011568620 266 1 8 0
2011576469 316 1 3 1
2011587462 336 1 7 0
2011589938 271 1 8 1
2011598710 336 1 5 0
2011600508 260 1 8 0
2011603069 345 1 1 1
2011605853 356 1 6 0
2011607006 261 1 8 1
2011613849 336 1 7 1
2011617541 160 0 1 0
2011618626 251 1 8 0
2011626197 213 0 1 0
2011629721 266 1 8 1
2011630839 295 1 5 0
2011633644 260 1 8 1
2011636605 336 1 5 1
2011646028 160 0 1 1
2011648316 345 1 1 0
2011654891 336 1 3 0
2011658416 119 0 1 1
2011659558 356 1 6 1
2011661758 58 0 1 0
2011663190 295 1 5 1
2011678668 260 1 8 0
2011685730 336 1 3 1
2011686734 160 0 1 0
2011689847 271 1 8 0
2011693269 58 0 1 1
2011700610 326 1 7 0
2011704210 49 0 1 1
2011705164 345 1 1 1
2011708831 295 1 5 0
2011714969 160 0 1 1
2011716802 316 1 3 0
2011717559 266 1 8 0
2011719705 141 0 1 0
2011727444 260 1 8 1
2011730368 213 0 1 1
2011733405 252 1 8 0
2011733441 119 0 1 0
2011739162 58 0 1 0
2011742711 143 0 1 1
2011743106 266 1 8 1
2011743401 143 0 1 0
2011747082 271 1 8 1
2011752350 336 1 6 0
2011752844 140 0 1 0
2011754081 326 1 7 1
2011757589 295 1 5 1
2011761669 316 1 3 1
2011764940 141 0 1 1
2011765759 143 0 1 1
2011773529 336 1 6 1
2011776031 266 1 8 0
2011782681 167 0 1 0
2011785035 271 1 8 0
2011794590 316 1 3 0
2011795310 164 0 1 1
2011801750 266 1 8 1
2011803272 167 0 1 1
2011803998 140 0 1 1
2011810322 336 1 6 0
2011820890 58 0 1 1
2011823507 261 1 8 0
2011826660 326 1 7 0
2011831837 336 1 6 1
2011836056 271 1 8 1
2011838951 345 1 1 0
2011839204 252 1 8 1
2011840653 167 0 1 0
2011844208 140 0 1 0
2011845673 316 1 3 1
2011848703 135 0 1 0
2011854882 336 1 3 0
2011855070 336 1 5 0
2011861443 326 1 7 1
2011862168 167 0 1 1
2011868556 250 1 8 0
2011871454 251 1 8 1
2011872297 164 0 1 0
2011877676 140 0 1 1
2011878659 266 1 8 0
2011879914 356 1 3 0
2011883614 345 1 1 1
2011886893 160 0 1 0
2011888018 257 1 8 0
2011888694 261 1 8 1
2011892278 251 1 8 0
2011893953 336 1 3 1
2011898149 210 0 1 0
2011901071 295 1 3 0
2011911745 336 1 6 0
2011913255 250 1 8 1
2011916065 336 1 5 1
2011918349 287 1 5 0
2011919054 53 0 1 0
2011924139 261 1 8 0
2011925695 252 1 8 0
2011927308 160 0 1 1
2011934649 257 1 8 1
2011937340 49 0 1 0
2011940732 167 0 1 0
2011943091 295 1 3 1
2011955174 336 1 5 0
2011956402 261 1 8 1
2011957283 347 1 3 1
2011964980 287 1 5 1
2011967398 271 1 8 0
2011974554 252 1 8 1
2011983198 266 1 8 1
2011983410 347 1 3 0
2011986265 336 1 5 1
2011988438 251 1 8 1
2011997909 356 1 3 1
2011999685 326 1 7 0
2012001729 257 1 8 0
2012002277 261 1 8 0
2012003653 53 0 1 1
2012004156 336 1 6 1
2012004413 271 1 8 1
2012015137 251 1 8 0
2012021376 210 0 1 1
2012028428 326 1 7 1
2012031592 119 0 1 1
2012032078 287 1 5 0
2012032192 141 0 1 0
2012035831 167 0 1 1
2012043132 336 1 5 0
2012043432 261 1 8 1
2012043877 266 1 8 0
2012057749 336 1 3 0
2012060348 356 1 6 0
2012061915 141 0 1 1
2012065369 271 1 8 0
2012068958 257 1 8 1
2012069340 266 1 8 1
2012072589 345 1 1 0
2012074139 336 1 5 1
2012080515 213 0 1 0
2012086903 356 1 6 1
2012087828 160 0 1 0
2012091589 257 1 8 0
2012092262 251 1 8 1
2012093672 345 1 1 1
2012099289 287 1 5 1
2012099845 261 1 8 0
2012100836 336 1 7 0
2012109427 160 0 1 1
2012121014 213 0 1 1
2012121920 287 1 5 0
2012126548 326 1 7 0
2012130411 160 0 1 0
2012130796 336 1 5 0
2012135512 271 1 8 1
2012138227 336 1 7 1
2012146237 251 1 8 0
2012149056 261 1 8 1
2012150148 257 1 8 1
2012150575 140 0 1 0
2012151083 141 0 1 0
2012151367 345 1 1 0
2012160582 336 1 3 1
2012164808 356 1 3 0
2012165219 326 1 7 1
2012170508 250 1 8 0
2012172170 160 0 1 1
2012177511 336 1 5 1
2012180479 287 1 5 1
2012186062 141 0 1 1
2012186465 271 1 8 0
2012195250 345 1 1 1
2012195559 210 0 1 0
2012195603 257 1 8 0
2012201259 295 1 3 0
2012202860 336 1 3 0
2012211041 266 1 8 0
2012212690 58 0 1 0
2012215711 250 1 8 1
2012219752 139 0 1 1
2012220268 356 1 3 1
2012224954 53 0 1 0
2012225934 287 1 5 0
2012227432 336 1 6 0
2012231683 140 0 1 1
2012231968 326 1 7 0
2012232664 252 1 8 0
2012233582 257 1 8 1
2012235928 271 1 8 1
2012244530 295 1 3 1
2012245296 336 1 7 0
2012250170 210 0 1 1
2012251563 141 0 1 0
2012257752 326 1 7 1
2012258397 58 0 1 1
2012258855 167 0 1 0
2012262849 271 1 8 0
2012263913 287 1 5 1
2012265551 336 1 7 1
2012274115 160 0 1 0
2012274676 266 1 8 1
2012277028 326 1 6 0
2012281417 295 1 4 1
2012290743 252 1 8 1
2012291367 336 1 6 1
2012291651 345 1 1 0
2012295714 160 0 1 1
2012299736 271 1 8 1
2012301993 53 0 1 1
2012303037 326 1 7 0
2012303279 139 0 1 0
2012305243 326 1 6 1
2012305600 251 1 8 1
2012307667 251 1 8 0
2012310321 261 1 8 0
2012313178 251 1 8 1
2012317754 356 1 3 0
2012318086 167 0 1 1
2012325678 260 1 8 0
2012329976 326 1 7 1
2012333103 140 0 1 0
2012337483 266 1 8 0
2012341440 336 1 5 0
2012342629 356 1 3 1
2012343168 251 1 8 0
2012346101 271 1 8 0
2012352019 305 1 5 0
2012360430 266 1 8 1
2012369610 326 1 6 0
2012371987 140 0 1 1
2012372672 336 1 7 0
2012378808 271 1 8 1
2012379212 261 1 8 1
2012381304 260 1 8 1
2012382350 82 0 1 0
2012382949 326 1 3 1
2012384210 265 1 8 0
2012389289 143 0 1 0
2012389442 251 1 8 1
2012390489 326 1 6 1
2012397440 345 1 1 1
2012398667 252 1 8 0
2012400345 266 1 8 0
2012401659 160 0 1 0
2012406215 336 1 5 1
2012406867 141 0 1 1
2012407795 336 1 7 1
2012413350 305 1 5 1
2012430564 326 1 6 0
2012432291 265 1 8 1
2012439890 160 0 1 1
2012443700 82 0 1 1
2012454665 261 1 8 0
2012487248 336 1 5 0
2012489752 261 1 8 1
2012498416 266 1 8 1
2012498583 326 1 6 1
2012499540 356 1 6 0
2012502975 345 1 1 0
2012519442 271 1 8 0
2012519515 336 1 5 1
2012524630 251 1 8 0
2012527435 213 0 1 0
2012528531 356 1 6 1
2012528669 181 0 1 0
2012531721 252 1 8 1
2012533772 135 0 1 1
2012543366 257 1 8 0
2012552545 336 1 7 0
2012554373 356 1 3 0
2012560445 271 1 8 1
2012561513 316 1 3 0
2012562036 250 1 8 0
2012564198 252 1 8 0
2012567310 261 1 8 0
2012570218 345 1 1 1
2012573697 287 1 5 0
2012576914 213 0 1 1
2012578236 119 0 1 0
2012584288 356 1 3 1
2012585984 160 0 1 0
2012588256 336 1 7 1
2012591425 257 1 8 1
2012603596 250 1 8 1
2012604913 336 1 5 0
2012608301 261 1 8 1
2012612282 266 1 8 0
2012618923 160 0 1 1
2012621326 251 1 8 1
2012621756 287 1 5 1
2012638451 257 1 8 0
2012638524 336 1 5 1
2012645524 181 0 1 1
2012648548 316 1 3 1
2012655145 356 1 6 0
2012662126 271 1 8 0
2012665257 326 1 6 0
2012668782 287 1 5 0
2012673968 213 0 1 0
2012683391 141 0 1 0
2012687156 326 1 6 1
2012690985 266 1 8 1
2012696550 251 1 8 0
2012696909 336 1 7 0
2012704130 345 1 1 0
2012709358 257 1 8 1
2012710062 261 1 8 0
2012711352 356 1 6 1
2012711947 141 0 1 1
2012727324 160 0 1 0
2012728413 271 1 8 1
2012730242 181 0 1 0
2012731664 257 1 8 0
2012732005 316 1 3 0
2012733686 265 1 8 0
2012735817 345 1 1 1
2012739689 287 1 5 1
2012741173 336 1 5 0
2012755537 251 1 8 1
2012757820 336 1 7 1
2012761995 287 1 5 0
2012762745 261 1 8 1
2012764178 265 1 8 1
2012770573 181 0 1 1
2012775360 316 1 3 1
2012778508 251 1 8 0
2012779562 271 1 8 0
2012785248 345 1 1 0
2012788375 257 1 8 1
2012791332 336 1 5 1
2012792351 160 0 1 1
2012799935 213 0 1 1
2012814181 271 1 8 1
2012818706 287 1 5 1
2012821211 265 1 8 0
2012825777 266 1 8 0
2012827403 316 1 3 0
2012833763 257 1 8 0
2012838271 345 1 1 1
2012850706 265 1 8 1
2012855015 251 1 8 1
2012863248 336 1 6 0
2012864094 287 1 5 0
2012872918 257 1 8 1
2012886130 316 1 3 1
2012887983 143 0 1 1
2012893125 356 1 6 0
2012897906 251 1 8 0
2012899375 167 0 1 0
2012900219 336 1 6 1
2012903249 287 1 5 1
2012912704 213 0 1 0
2012917014 345 1 1 0
2012923663 164 0 1 1
2012928237 316 1 3 0
2012929458 167 0 1 1
2012930548 250 1 8 0
2012934882 271 1 8 0
2012938841 266 1 8 1
2012944151 355 1 3 0
2012950849 326 1 3 0
2012959365 181 0 1 0
2012960874 209 0 1 0
2012962424 250 1 8 1
2012962604 356 1 6 1
2012963147 326 1 7 0
2012969660 316 1 3 1
2012970344 135 0 1 0
2012976267 271 1 8 1
2012979367 355 1 3 1
2012982185 260 1 8 0
2012983193 326 1 3 1
2012988489 251 1 8 1
2012989406 140 0 1 0
2012997038 261 1 8 0
2013002002 326 1 7 1
2013009660 260 1 8 1
2013009934 251 1 8 0
2013012516 305 1 5 0
2013028661 336 1 5 0
2013033301 261 1 8 1
2013036006 271 1 8 0
2013039995 305 1 5 1
2013040594 266 1 8 0
2013042281 356 1 3 0
2013042847 82 0 1 0
2013046560 164 0 1 0
2013052536 214 0 1 0
2013053036 255 1 8 0
2013055013 336 1 7 0
2013056283 140 0 1 1
2013062188 336 1 5 1
2013063417 271 1 8 1
2013063872 265 1 8 0
2013064752 213 0 1 1
2013065381 209 0 1 1
2013068719 326 1 6 0
2013069753 266 1 8 1
2013070011 355 1 4 0
2013070326 82 0 1 1
2013073358 347 1 3 1
2013079171 295 1 4 0
2013086184 160 0 1 0
2013086246 326 1 3 0
2013088017 345 1 1 1
2013090010 206 0 1 0
2013091437 265 1 8 1
2013091881 261 1 8 0
2013093076 336 1 7 1
2013093122 355 1 4 1
2013096716 255 1 8 1
2013099146 326 1 6 1
2013099753 347 1 3 0
2013109484 266 1 8 0
2013114922 326 1 3 1
2013121760 261 1 8 1
2013123575 160 0 1 1
2013123748 336 1 5 0
2013124198 356 1 3 1
2013130341 206 0 1 1
2013132476 345 1 1 0
2013141343 326 1 6 0
2013151899 336 1 5 1
2013153023 356 1 3 0
2013163408 347 1 3 1
2013164231 140 0 1 0
2013167435 261 1 8 0
2013178766 143 0 1 0
2013180198 326 1 3 0
2013185379 271 1 8 0
2013186940 250 1 8 0
2013189382 326 1 6 1
2013189928 356 1 6 0
2013193354 356 1 3 1
2013198202 336 1 5 0
2013199703 345 1 1 1
2013201142 261 1 8 1
2013201295 347 1 3 0
2013202807 140 0 1 1
2013207158 213 0 1 0
2013214826 257 1 8 0
2013216046 336 1 7 0
2013226412 250 1 8 1
2013231141 336 1 5 1
2013231696 266 1 8 1
2013238326 271 1 8 1
2013240333 336 1 7 1
2013243074 261 1 8 0
2013243531 356 1 6 1
2013244277 160 0 1 0
2013245157 287 1 5 0
2013247226 347 1 3 1
2013248154 326 1 7 0
2013268497 326 1 7 1
2013271369 257 1 8 1
2013271840 160 0 1 1
2013272641 347 1 3 0
2013275725 336 1 5 0
2013278749 261 1 8 1
2013280792 266 1 8 0
2013289872 271 1 8 0
2013290000 181 0 1 1
2013293823 336 1 6 0
2013294042 119 0 1 1
2013298427 356 1 3 0
2013301700 287 1 5 1
2013303655 266 1 8 1
2013307088 257 1 8 0
2013308748 336 1 5 1
2013322697 326 1 7 0
2013323986 167 0 1 0
2013333166 213 0 1 1
2013333902 336 1 6 1
2013337419 287 1 5 0
2013338203 140 0 1 0
2013351576 261 1 8 0
2013355193 271 1 8 1
2013360934 356 1 3 1
2013365325 167 0 1 1
2013365778 345 1 1 0
2013368349 141 0 1 0
2013380095 257 1 8 1
2013382503 336 1 5 0
2013384205 326 1 7 1
2013387867 140 0 1 1
2013395437 255 1 8 0
2013400309 181 0 1 0
2013406111 261 1 8 1
2013410077 345 1 1 1
2013410184 143 0 1 1
2013410285 257 1 8 0
2013417691 356 1 3 0
2013420713 266 1 8 0
2013434006 336 1 5 1
2013438120 255 1 8 1
2013448620 181 0 1 1
2013451092 336 1 6 0
2013453482 210 0 1 0
2013454830 356 1 3 1
2013462674 251 1 8 1
2013465132 345 1 1 0
2013466156 257 1 8 1
2013477223 271 1 8 0
2013478723 141 0 1 1
2013481255 167 0 1 0
2013488673 251 1 8 0
2013489835 181 0 1 0
2013492553 210 0 1 1
2013508930 326 1 7 0
2013510249 257 1 8 0
2013514600 255 1 8 0
2013519088 316 1 3 0
2013524044 356 1 3 0
2013531206 266 1 8 1
2013531639 345 1 1 1
2013535811 119 0 1 0
2013539493 141 0 1 0
2013545267 336 1 6 1
2013545557 326 1 7 1
2013545979 356 1 3 1
2013547784 355 1 4 0
2013549755 257 1 8 1
2013551438 336 1 7 0
2013556902 271 1 8 1
2013559034 345 1 1 0
2013562480 255 1 8 1
2013563383 261 1 8 0
2013570390 167 0 1 1
2013571143 206 0 1 0
2013580205 164 0 1 1
2013581269 336 1 7 1
2013583113 160 0 1 0
2013585343 355 1 4 1
2013596882 336 1 5 0
2013597338 261 1 8 1
2013608031 266 1 8 0
2013609767 271 1 8 0
2013610974 255 1 8 0
2013612435 141 0 1 1
2013613272 164 0 1 0
2013621982 356 1 6 0
2013625338 181 0 1 1
2013627301 336 1 5 1
2013628274 206 0 1 1
2013635868 160 0 1 1
2013638770 266 1 8 1
2013640722 271 1 8 1
2013641389 355 1 4 0
2013642726 255 1 8 1
2013643634 326 1 7 0
2013648789 356 1 6 1
2013649037 213 0 1 0
2013649161 261 1 8 0
2013664748 206 0 1 0
2013665300 255 1 8 0
2013669920 345 1 1 1
2013670885 326 1 7 1
2013672732 355 1 4 1
2013674644 265 1 8 0
2013677521 266 1 8 0
2013679288 261 1 8 1
2013683892 336 1 5 0
2013687249 261 1 8 0
2013687692 336 1 6 0
2013688587 213 0 1 1
2013692758 214 0 1 1
2013692912 261 1 8 1
2013696051 355 1 4 0
2013696413 261 1 8 0
2013697483 255 1 8 1
2013698144 261 1 8 1
2013701039 265 1 8 1
2013701220 266 1 8 1
2013701593 261 1 8 0
2013702235 345 1 1 0
2013712188 261 1 8 1
2013714072 261 1 8 0
2013717183 167 0 1 0
2013718668 271 1 8 0
2013724400 261 1 8 1
2013727058 355 1 4 1
2013731551 336 1 6 1
2013732398 265 1 8 0
2013735258 260 1 8 0
2013736823 336 1 5 1
2013737542 345 1 1 1
2013740876 257 1 8 0
2013748995 326 1 7 0
2013750607 206 0 1 1
2013753291 316 1 3 1
2013756265 265 1 8 1
2013757451 271 1 8 1
2013765589 305 1 5 0
2013766670 167 0 1 1
2013767273 260 1 8 1
2013772315 140 0 1 0
2013777660 266 1 8 0
2013779614 141 0 1 0
2013780242 326 1 7 1
2013795964 82 0 1 0
2013797564 305 1 5 1
2013799013 271 1 8 0
2013799480 356 1 3 0
2013804521 140 0 1 1
2013806615 266 1 8 1
2013815377 261 1 8 0
2013821404 336 1 7 0
2013821964 271 1 8 1
2013827733 141 0 1 1
2013827895 82 0 1 1
2013838715 160 0 1 0
2013840311 210 0 1 0
2013848967 336 1 7 1
2013853788 336 1 5 0
2013859924 261 1 8 1
2013862239 356 1 3 1
2013868483 257 1 8 1
2013868693 266 1 8 0
2013878435 345 1 1 0
2013880329 271 1 8 0
2013889732 326 1 6 0
2013890171 336 1 5 1
2013891962 356 1 3 0
2013892150 210 0 1 1
2013895704 266 1 8 1
2013902604 326 1 7 0
2013908766 260 1 8 0
2013909839 143 0 1 0
2013911126 345 1 1 1
2013912429 257 1 8 0
2013918631 141 0 1 0
2013922545 210 0 1 0
2013926189 261 1 8 0
2013927524 271 1 8 1
2013928075 326 1 6 1
2013931951 140 0 1 0
2013934831 326 1 7 1
2013935150 160 0 1 1
2013935584 336 1 7 0
2013939013 305 1 5 0
2013941340 260 1 8 1
2013950845 356 1 3 1
2013951131 160 0 1 0
2013957771 336 1 7 1
2013959068 336 1 5 0
2013967377 266 1 8 0
2013968420 257 1 8 1
2013969344 82 0 1 0
2013970255 141 0 1 1
2013971513 345 1 1 0
2013971532 305 1 5 1
2013980684 210 0 1 1
2013985915 140 0 1 1
2013988876 261 1 8 1
2013991312 251 1 8 1
2013992090 356 1 3 0
2013998468 326 1 6 0
2014001615 260 1 8 0
2014001863 82 0 1 1
2014014072 345 1 1 1
2014015325 257 1 8 0
2014016283 336 1 5 1
2014019485 356 1 3 1
2014024185 210 0 1 0
2014030406 160 0 1 1
2014031491 251 1 8 0
2014031862 305 1 5 0
2014037158 260 1 8 1
2014049732 210 0 1 1
2014054984 257 1 8 1
2014056227 345 1 1 0
2014062193 82 0 1 0
2014066526 356 1 3 0
2014067405 305 1 5 1
2014068952 250 1 8 0
2014078683 326 1 6 1
2014078784 356 1 6 0
2014080803 295 1 3 0
2014082187 271 1 8 0
2014097109 210 0 1 0
2014097222 53 0 1 0
2014097736 82 0 1 1
2014098783 213 0 1 0
2014106630 251 1 8 1
2014115710 336 1 7 0
2014120213 356 1 3 1
2014120283 355 1 3 0
2014126476 295 1 3 1
2014128273 214 0 1 0
2014134029 160 0 1 0
2014136082 209 0 1 0
2014136743 326 1 6 0
2014138435 356 1 6 1
2014140464 210 0 1 1
2014141334 271 1 8 1
2014145965 251 1 8 0
2014146487 261 1 8 0
2014158506 345 1 1 1
2014159726 326 1 6 1
2014160495 356 1 6 0
2014166115 336 1 6 0
2014167129 336 1 7 1
2014167368 214 0 1 1
2014169046 250 1 8 1
2014170567 140 0 1 0
2014180494 336 1 5 0
2014180522 261 1 8 1
2014182691 355 1 3 1
2014184083 271 1 8 0
2014185381 345 1 1 0
2014187119 140 0 1 1
2014188226 356 1 6 1
2014197736 260 1 8 0
2014199629 53 0 1 1
2014199816 356 1 3 0
2014202074 167 0 1 0
2014209864 251 1 8 1
2014210241 336 1 5 1
2014210303 251 1 8 0
2014215783 214 0 1 0
2014216262 336 1 7 0
2014216686 271 1 8 1
2014216906 251 1 8 1
2014220810 316 1 3 0
2014222910 336 1 6 1
2014225695 356 1 6 0
2014225863 266 1 8 1
2014227329 251 1 8 0
2014228176 305 1 5 0
2014233359 261 1 8 0
2014233511 356 1 3 1
2014235416 345 1 1 1
2014246093 336 1 7 1
2014249456 260 1 8 1
2014250504 257 1 8 0
2014250607 266 1 8 0
2014256030 356 1 6 1
2014258507 82 0 1 0
2014258537 316 1 3 1
2014260465 167 0 1 1
2014264874 336 1 5 0
2014272578 261 1 8 1
2014279679 305 1 5 1
2014280862 356 1 6 0
2014283196 316 1 3 0
2014299829 336 1 5 1
2014300828 251 1 8 1
2014308858 266 1 8 1
2014310010 82 0 1 1
2014312524 271 1 8 0
2014316598 326 1 6 0
2014318001 356 1 6 1
2014319335 251 1 8 0
2014323245 209 0 1 1
2014326299 316 1 3 1
2014334515 214 0 1 1
2014337028 266 1 8 0
2014339149 326 1 6 1
2014342827 141 0 1 0
2014344871 336 1 7 0
2014355378 316 1 3 0
2014366839 326 1 6 0
2014367003 141 0 1 1
2014373123 271 1 8 1
2014373426 261 1 8 0
2014373862 336 1 7 1
2014387526 347 1 3 1
2014389975 266 1 8 1
2014391093 345 1 1 0
2014404773 336 1 5 0
2014414970 265 1 8 0
2014415725 347 1 3 0
2014420494 326 1 6 1
2014420764 345 1 1 1
2014428674 141 0 1 0
2014430497 261 1 8 1
2014432325 213 0 1 1
2014432808 271 1 8 0
2014443423 326 1 7 0
2014450865 265 1 8 1
2014452264 266 1 8 0
2014456355 141 0 1 1
2014456360 336 1 5 1
2014459272 347 1 3 1
2014460862 140 0 1 0
2014475476 141 0 1 0
2014477927 266 1 8 1
2014479200 160 0 1 1
2014483204 326 1 7 1
2014486923 356 1 6 0
2014487919 347 1 3 0
2014490431 336 1 7 0
2014491806 261 1 8 0
2014493627 271 1 8 1
2014506418 213 0 1 0
2014507574 160 0 1 0
2014508102 356 1 6 1
2014519599 140 0 1 1
2014522427 141 0 1 1
2014523706 336 1 7 1
2014524513 336 1 5 0
2014532738 345 1 1 0
2014544210 356 1 3 0
2014548774 266 1 8 0
2014552592 213 0 1 1
2014554753 181 0 1 0
2014555845 261 1 8 1
2014565889 214 0 1 0
2014579029 356 1 6 0
2014587420 250 1 8 0
2014596760 213 0 1 0
2014606005 160 0 1 1
2014610905 336 1 6 0
2014611380 356 1 6 1
2014615518 271 1 8 0
2014618200 250 1 8 1
2014622251 295 1 3 0
2014626064 347 1 3 1
2014632648 265 1 8 0
2014641152 167 0 1 0
2014641251 53 0 1 0
2014645446 295 1 3 1
2014648453 336 1 7 0
2014652443 347 1 3 0
2014663161 210 0 1 0
2014668116 160 0 1 0
2014669453 266 1 8 1
2014671816 213 0 1 1
2014673221 271 1 8 1
2014677780 336 1 7 1
2014680797 326 1 7 0
2014685341 356 1 3 1
2014689058 53 0 1 1
2014694226 261 1 8 0
2014695112 266 1 8 0
2014697322 251 1 8 1
2014698227 265 1 8 1
2014699452 336 1 6 1
2014701396 326 1 7 1
2014703276 250 1 8 0
2014703912 210 0 1 1
2014710575 140 0 1 0
2014725451 336 1 6 0
2014727369 261 1 8 1
2014729422 355 1 3 0
2014730799 140 0 1 1
2014734230 271 1 8 0
2014736224 250 1 8 1
2014746313 209 0 1 0
2014751792 260 1 8 0
2014760281 251 1 8 0
2014764207 160 0 1 1
2014768462 326 1 7 0
2014771237 355 1 3 1
2014771543 356 1 6 0
2014771662 336 1 6 1
2014776882 347 1 3 1
2014778634 271 1 8 1
2014778684 356 1 3 0
2014781057 261 1 8 0
2014782379 260 1 8 1
2014790237 141 0 1 0
2014791559 266 1 8 1
2014797758 213 0 1 0
2014798350 356 1 6 1
2014798451 336 1 6 0
2014806615 140 0 1 0
2014808713 326 1 7 1
2014809388 251 1 8 1
2014810197 347 1 3 0
2014816888 261 1 8 1
2014818231 345 1 1 1
2014821730 336 1 6 1
2014823984 271 1 8 0
2014828759 356 1 3 1
2014842283 251 1 8 0
2014850250 213 0 1 1
2014854607 326 1 7 0
2014855260 347 1 3 1
2014856019 143 0 1 1
2014858259 140 0 1 1
2014858380 209 0 1 1
2014867599 140 0 1 0
2014871787 271 1 8 1
2014875386 356 1 3 0
2014878978 251 1 8 1
2014879337 251 1 8 0
2014881207 266 1 8 0
2014893675 347 1 3 0
2014894106 261 1 8 0
2014900206 326 1 7 1
2014900444 251 1 8 1
2014907682 266 1 8 1
2014911546 336 1 6 0
2014912941 210 0 1 0
2014917565 356 1 3 1
2014930322 347 1 3 1
2014931969 336 1 6 1
2014932671 251 1 8 0
2014946552 210 0 1 1
2014948361 271 1 8 0
2014949732 181 0 1 1
2014950773 261 1 8 1
2014953003 141 0 1 1
2014977450 356 1 3 0
2014990660 336 1 7 0
2014996433 261 1 8 0
2015001065 356 1 3 1
2015001169 347 1 3 0
2015009903 160 0 1 0
2015010224 326 1 7 0
2015010637 210 0 1 0
2015015480 271 1 8 1
2015022339 336 1 7 1
2015030726 210 0 1 1
2015032670 345 1 1 0
2015044475 326 1 7 1
2015056567 214 0 1 1
2015061848 261 1 8 1
2015064536 266 1 8 0
2015064599 255 1 8 0
2015072243 181 0 1 0
2015073531 265 1 8 0
2015087251 326 1 6 0
2015088834 160 0 1 1
2015101590 265 1 8 1
2015104090 255 1 8 1
2015105990 271 1 8 0
2015108810 355 1 4 0
2015115818 143 0 1 0
2015123559 266 1 8 1
2015130402 251 1 8 1
2015133769 355 1 4 1
2015138593 326 1 7 0
2015140613 206 0 1 0
2015140873 251 1 8 0
2015145092 250 1 8 0
2015151682 326 1 6 1
2015151743 167 0 1 1
2015151872 266 1 8 0
2015152200 141 0 1 0
2015152577 271 1 8 1
2015166580 206 0 1 1
2015171412 250 1 8 1
2015175508 326 1 7 1
2015179940 356 1 3 0
2015182179 326 1 6 0
2015189434 255 1 8 0
2015211699 210 0 1 0
2015213160 261 1 8 0
2015234508 251 1 8 1
2015235939 356 1 6 0
2015236322 326 1 6 1
2015241430 271 1 8 0
2015249083 261 1 8 1
2015255098 213 0 1 0
2015258815 251 1 8 0
2015263363 356 1 3 1
2015265713 336 1 7 0
2015280753 271 1 8 1
2015285292 160 0 1 0
2015292184 336 1 7 1
2015293430 356 1 3 0
2015295254 356 1 6 1
2015296802 210 0 1 1
2015297595 326 1 6 0
2015298191 251 1 8 1
2015318390 326 1 6 1
2015319175 141 0 1 1
2015323593 210 0 1 0
2015325613 356 1 3 1
2015326084 261 1 8 0
2015330722 251 1 8 0
2015332082 255 1 8 1
2015332795 356 1 6 0
2015334884 347 1 3 1
2015344139 336 1 6 0
2015353131 271 1 8 0
2015353823 160 0 1 1
2015355188 210 0 1 1
2015355586 255 1 8 0
2015360739 265 1 8 0
2015362375 261 1 8 1
2015362542 356 1 6 1
2015362775 251 1 8 1
2015363718 167 0 1 0
2015365589 356 1 3 0
2015365666 326 1 7 0
2015368475 347 1 3 0
2015374409 355 1 4 0
2015377251 266 1 8 1
2015382917 141 0 1 0
2015384157 255 1 8 1
2015387100 214 0 1 0
2015391556 356 1 3 1
2015397397 326 1 7 1
2015398422 336 1 7 0
2015399448 206 0 1 0
2015400682 336 1 6 1
2015401618 271 1 8 1
2015404050 266 1 8 0
2015406026 265 1 8 1
2015413633 160 0 1 0
2015417592 260 1 8 0
2015420354 261 1 8 0
2015424064 355 1 4 1
2015429093 336 1 7 1
2015429863 295 1 5 0
2015431785 356 1 6 0
2015436245 251 1 8 0
2015452466 58 0 1 0
2015460247 141 0 1 1
2015462380 251 1 8 1
2015466491 206 0 1 1
2015466997 271 1 8 0
2015479945 261 1 8 1
2015491368 251 1 8 0
2015497568 356 1 6 1
2015498013 326 1 6 0
2015499260 336 1 7 0
2015502170 347 1 3 1
2015504009 266 1 8 1
2015508684 160 0 1 1
2015509851 160 0 1 0
2015514146 260 1 8 1
2015515268 250 1 8 0
2015520377 345 1 1 1
2015522875 356 1 3 0
2015534044 326 1 6 1
2015536249 261 1 8 0
2015538085 167 0 1 1
2015538793 347 1 3 0
2015544342 295 1 5 1
2015547480 271 1 8 1
2015550676 250 1 8 1
2015552092 295 1 3 0
2015558728 355 1 3 0
2015570327 53 0 1 0
2015570888 345 1 1 0
2015571763 336 1 7 1
2015573271 295 1 3 1
2015574191 209 0 1 0
2015580747 355 1 3 1
2015596456 266 1 8 0
2015601210 250 1 8 0
2015601348 261 1 8 1
2015608814 210 0 1 0
2015613094 53 0 1 1
2015624862 356 1 3 1
2015626367 251 1 8 1
2015627711 326 1 6 0
2015630818 209 0 1 1
2015631793 355 1 3 0
2015641856 271 1 8 0
2015647340 209 0 1 0
2015650510 181 0 1 1
2015652828 251 1 8 0
2015656117 210 0 1 1
2015658438 141 0 1 0
2015662270 250 1 8 1
2015666419 356 1 6 0
2015666542 326 1 6 1
2015672628 355 1 3 1
2015676975 336 1 7 0
2015679751 271 1 8 1
2015684384 260 1 8 0
2015684503 356 1 3 0
2015684591 251 1 8 1
2015691081 141 0 1 1
2015695264 58 0 1 1
2015706470 336 1 7 1
2015713158 356 1 3 1
2015713590 261 1 8 0
2015714960 295 1 5 0
2015718407 251 1 8 0
2015719854 356 1 6 1
2015720151 336 1 6 0
2015734371 58 0 1 0
2015736208 260 1 8 1
2015739646 167 0 1 0
2015749788 271 1 8 0
2015750627 140 0 1 1
2015752255 266 1 8 1
2015753281 261 1 8 1
2015763563 345 1 1 1
2015766463 295 1 5 1
2015767390 251 1 8 1
2015769991 209 0 1 1
2015771844 265 1 8 0
2015779569 326 1 7 0
2015782322 336 1 6 1
2015789514 345 1 1 0
2015790877 271 1 8 1
2015793535 265 1 8 1
2015794468 266 1 8 0
2015797027 140 0 1 0
2015804812 141 0 1 0
2015819648 326 1 7 1
2015822629 181 0 1 0
2015823822 160 0 1 1
2015824807 336 1 6 0
2015825044 261 1 8 0
2015835000 251 1 8 0
2015844234 266 1 8 1
2015846141 58 0 1 1
2015847208 250 1 8 0
2015847271 356 1 3 0
2015862083 295 1 3 0
2015862697 265 1 8 0
2015863947 261 1 8 1
2015874543 141 0 1 1
2015874546 336 1 6 1
2015880452 250 1 8 1
2015888506 295 1 3 1
2015890014 53 0 1 0
2015893856 266 1 8 0
2015897892 271 1 8 0
2015906903 140 0 1 1
2015917219 266 1 8 1
2015919182 210 0 1 0
2015924195 336 1 6 0
2015927803 336 1 7 0
2015931521 53 0 1 1
2015932524 261 1 8 0
2015939644 347 1 3 1
2015942087 271 1 8 1
2015944190 160 0 1 0
2015946204 265 1 8 1
2015946802 336 1 6 1
2015957216 250 1 8 0
2015967882 336 1 7 1
2015968831 251 1 8 1
2015971434 356 1 3 1
2015973659 347 1 3 0
2015982617 355 1 3 0
2015997092 250 1 8 1
2015997961 210 0 1 1
2015998398 266 1 8 0
2015998772 260 1 8 0
2015999508 209 0 1 0
2016003382 271 1 8 0
2016004404 251 1 8 0
2016028065 356 1 6 0
2016028156 355 1 3 1
2016029019 295 1 5 0
2016031795 260 1 8 1
2016034721 336 1 7 0
2016039059 251 1 8 1
2016048178 58 0 1 0
2016048679 356 1 3 0
2016054705 336 1 6 0
2016054872 356 1 6 1
2016057076 336 1 7 1
2016057677 326 1 7 0
2016062126 295 1 5 1
2016065965 266 1 8 1
2016070530 356 1 3 1
2016080116 140 0 1 0
2016080637 271 1 8 1
2016095075 141 0 1 0
2016095960 336 1 6 1
2016096420 251 1 8 0
2016108944 326 1 7 1
2016113040 255 1 8 0
2016119873 265 1 8 0
2016122250 58 0 1 1
2016128421 160 0 1 1
2016130279 356 1 3 0
2016136271 209 0 1 1
2016143117 251 1 8 1
2016145238 210 0 1 0
2016149988 255 1 8 1
2016151480 265 1 8 1
2016156834 271 1 8 0
2016170274 356 1 3 1
2016173936 250 1 8 0
2016188106 266 1 8 0
2016189729 326 1 7 0
2016193034 251 1 8 0
2016204099 250 1 8 1
2016205394 255 1 8 0
2016210165 271 1 8 1
2016216277 210 0 1 1
2016220201 326 1 6 0
2016222453 355 1 4 0
2016226641 356 1 3 0
2016241220 326 1 7 1
2016242872 206 0 1 0
2016250924 210 0 1 0
2016260345 167 0 1 1
2016287377 251 1 8 1
2016288404 355 1 4 1
2016293453 266 1 8 1
2016303176 356 1 3 1
2016303454 271 1 8 0
2016314886 251 1 8 0
2016323368 326 1 6 1
2016326666 266 1 8 0
2016338391 206 0 1 1
2016339225 271 1 8 1
2016339937 336 1 7 0
2016345201 255 1 8 1
2016361647 210 0 1 1
2016363884 160 0 1 0
2016364789 356 1 3 0
2016364812 336 1 7 1
2016372569 356 1 6 0
2016373829 255 1 8 0
2016379271 265 1 8 0
2016385680 355 1 4 0
2016391337 251 1 8 1
2016400216 255 1 8 1
2016410719 206 0 1 0
2016414393 326 1 6 0
2016416540 210 0 1 0
2016417335 160 0 1 1
2016419484 356 1 3 1
2016422990 265 1 8 1
2016427943 355 1 4 1
2016435750 260 1 8 0
2016435994 271 1 8 0
2016438734 251 1 8 0
2016444820 356 1 6 1
2016453032 326 1 6 1
2016463477 326 1 7 0
2016466081 295 1 5 0
2016466807 210 0 1 1
2016468018 206 0 1 1
2016470997 356 1 3 0
2016479357 336 1 6 0
2016482425 251 1 8 1
2016485912 58 0 1 0
2016496540 210 0 1 0
2016497676 167 0 1 0
2016500853 271 1 8 1
2016507493 305 1 5 0
2016510992 356 1 3 1
2016521225 356 1 6 0
2016521638 251 1 8 0
2016526068 295 1 5 1
2016530104 326 1 7 1
2016533873 260 1 8 1
2016538019 82 0 1 0
2016538623 210 0 1 1
2016540940 336 1 6 1
2016542182 250 1 8 0
2016544762 271 1 8 0
2016553733 356 1 3 0
2016558821 295 1 3 0
2016563895 305 1 5 1
2016578652 53 0 1 0
2016579309 336 1 7 0
2016594226 82 0 1 1
2016595948 160 0 1 0
2016598549 271 1 8 1
2016600444 210 0 1 0
2016603892 356 1 6 1
2016605677 326 1 6 0
2016607309 326 1 7 0
2016612500 336 1 7 1
2016615941 250 1 8 1
2016617913 251 1 8 1
2016622830 271 1 8 0
2016624400 58 0 1 1
2016628105 266 1 8 1
2016629012 326 1 7 1
2016630856 356 1 3 1
2016631780 295 1 3 1
2016645258 251 1 8 0
2016645348 250 1 8 0
2016659628 326 1 6 1
2016660830 266 1 8 0
2016674537 336 1 7 0
2016677353 356 1 3 0
2016678367 295 1 3 0
2016678959 167 0 1 1
2016679245 271 1 8 1
2016680811 250 1 8 1
2016691341 326 1 6 0
2016691796 260 1 8 0
2016706048 336 1 7 1
2016709997 210 0 1 1
2016710886 295 1 3 1
2016713221 356 1 6 0
2016713244 326 1 6 1
2016714404 210 0 1 0
2016720029 251 1 8 1
2016722127 305 1 5 0
2016742464 356 1 3 1
2016750500 260 1 8 1
2016752458 82 0 1 0
2016757826 271 1 8 0
2016766404 356 1 6 1
2016769025 336 1 6 0
2016772694 251 1 8 0
2016772952 265 1 8 0
2016777659 53 0 1 1
2016780770 305 1 5 1
2016785328 167 0 1 0
2016789165 336 1 7 0
2016790075 210 0 1 1
2016800173 271 1 8 1
2016804278 250 1 8 0
2016805041 356 1 3 0
2016811101 82 0 1 1
2016811727 265 1 8 1
2016825709 251 1 8 1
2016829496 336 1 7 1
2016832081 250 1 8 1
2016832600 210 0 1 0
2016835496 295 1 3 0
2016838986 265 1 8 0
2016843962 271 1 8 0
2016848713 266 1 8 1
2016849488 356 1 3 1
2016854067 53 0 1 0
2016855686 251 1 8 0
2016857011 295 1 3 1
2016875301 336 1 7 0
2016878740 336 1 6 1
2016888033 356 1 3 0
2016891762 266 1 8 0
2016894063 210 0 1 1
2016895213 271 1 8 1
2016903386 53 0 1 1
2016905092 210 0 1 0
2016916377 265 1 8 1
2016921764 336 1 7 1
2016922101 336 1 6 0
2016923460 250 1 8 0
2016924409 251 1 8 1
2016936681 266 1 8 1
2016940306 271 1 8 0
2016944329 356 1 6 0
2016944792 336 1 6 1
2016947432 356 1 3 1
2016947596 251 1 8 0
2016957787 355 1 3 0
2016961632 250 1 8 1
2016962970 260 1 8 0
2016966936 356 1 6 1
2016967617 326 1 7 0
2016974678 209 0 1 0
2016979523 356 1 3 0
2016991566 355 1 3 1
2016993217 305 1 5 0
2016994035 266 1 8 0
2016998000 260 1 8 1
2017010349 271 1 8 1
2017017153 336 1 7 0
2017023548 82 0 1 0
2017028256 305 1 5 1
2017028914 336 1 6 0
2017029044 326 1 7 1
2017040600 336 1 7 1
2017044822 271 1 8 0
2017045962 255 1 8 0
2017047990 266 1 8 1
2017058101 209 0 1 1
2017058587 82 0 1 1
2017069986 265 1 8 0
2017070085 336 1 6 1
2017075741 336 1 7 0
2017086759 251 1 8 1
2017088809 355 1 4 0
2017098282 266 1 8 0
2017098688 255 1 8 1
2017100693 271 1 8 1
2017102174 356 1 3 1
2017103493 265 1 8 1
2017113848 206 0 1 0
2017120989 326 1 6 0
2017123128 250 1 8 0
2017124044 251 1 8 0
2017128504 336 1 7 1
2017128720 355 1 4 1
2017150962 255 1 8 0
2017153419 271 1 8 0
2017156559 356 1 3 0
2017158208 250 1 8 1
2017161321 266 1 8 1
2017181713 355 1 4 0
2017185438 326 1 7 0
2017190088 326 1 6 1
2017191078 271 1 8 1
2017193222 266 1 8 0
2017219356 355 1 4 1
2017221133 326 1 7 1
2017224037 326 1 6 0
2017250977 356 1 6 0
2017255636 326 1 6 1
2017264839 251 1 8 1
2017269018 271 1 8 0
2017278706 356 1 3 1
2017279297 266 1 8 1
2017288011 251 1 8 0
2017288666 355 1 4 0
2017301989 326 1 7 0
2017303236 356 1 6 1
2017303560 255 1 8 1
2017307445 265 1 8 0
2017310258 266 1 8 0
2017320190 356 1 3 0
2017326405 271 1 8 1
2017334625 355 1 4 1
2017348055 167 0 1 1
2017349004 265 1 8 1
2017350533 326 1 6 0
2017351866 271 1 8 0
2017355780 326 1 7 1
2017356982 260 1 8 0
2017360485 356 1 6 0
2017385360 356 1 6 1
2017387229 305 1 5 0
2017387672 326 1 6 1
2017397397 336 1 6 0
2017398073 336 1 7 0
2017413601 326 1 7 0
2017414372 167 0 1 0
2017417560 82 0 1 0
2017418929 271 1 8 1
2017426308 336 1 7 1
2017448848 326 1 7 1
2017451896 260 1 8 1
2017458980 336 1 6 1
2017459661 356 1 6 0
2017460709 250 1 8 0
2017466166 271 1 8 0
2017476350 251 1 8 1
2017482076 305 1 5 1
2017483396 295 1 3 0
2017490721 356 1 3 1
2017496945 326 1 7 0
2017503311 53 0 1 0
2017503455 251 1 8 0
2017512407 82 0 1 1
2017524961 271 1 8 1
2017527275 355 1 3 0
2017529523 295 1 3 1
2017535130 356 1 3 0
2017542468 326 1 7 1
2017542593 326 1 6 0
2017545846 209 0 1 0
2017566910 53 0 1 1
2017569862 250 1 8 1
2017578933 260 1 8 0
2017579066 271 1 8 0
2017581160 356 1 6 1
2017592050 355 1 3 1
2017599841 356 1 6 0
2017600661 336 1 7 0
2017601751 251 1 8 1
2017609221 206 0 1 1
2017615869 271 1 8 1
2017621464 326 1 6 1
2017623124 295 1 5 0
2017626953 356 1 3 1
2017632424 336 1 7 1
2017633779 251 1 8 0
2017633829 265 1 8 0
2017642280 260 1 8 1
2017642619 58 0 1 0
2017654190 271 1 8 0
2017656565 266 1 8 1
2017668142 356 1 3 0
2017671413 326 1 7 0
2017672611 295 1 5 1
2017684005 251 1 8 1
2017685648 265 1 8 1
2017686990 266 1 8 0
2017687608 250 1 8 0
2017693228 326 1 7 1
2017694949 336 1 7 0
2017695881 209 0 1 1
2017699261 336 1 6 0
2017709922 251 1 8 0
2017712421 356 1 3 1
2017714183 250 1 8 1
2017716483 295 1 3 0
2017717588 265 1 8 0
2017728973 271 1 8 1
2017735894 53 0 1 0
2017739342 295 1 3 1
2017741513 356 1 3 0
2017755860 336 1 7 1
2017774193 251 1 8 1
2017779333 53 0 1 1
2017780193 266 1 8 1
2017785370 271 1 8 0
2017797556 250 1 8 0
2017799506 251 1 8 0
2017801584 356 1 3 1
2017811244 336 1 6 1
2017815690 266 1 8 0
2017817381 336 1 7 0
2017827359 355 1 3 0
2017830321 271 1 8 1
2017831181 356 1 3 0
2017841016 260 1 8 0
2017841775 250 1 8 1
2017846014 209 0 1 0
2017846385 336 1 6 0
2017852605 266 1 8 1
2017859896 336 1 7 1
2017864666 355 1 3 1
2017870924 336 1 6 1
2017871347 295 1 5 0
2017872722 271 1 8 0
2017879667 260 1 8 1
2017889168 255 1 8 0
2017894101 251 1 8 1
2017908934 266 1 8 0
2017909998 295 1 5 1
2017912949 345 1 1 1
2017917292 356 1 3 1
2017919917 326 1 7 0
2017924707 355 1 4 0
2017929153 271 1 8 1
2017930770 251 1 8 0
2017931048 255 1 8 1
2017933217 209 0 1 1
2017934684 345 1 1 0
2017943782 206 0 1 0
2017948549 336 1 6 0
2017954958 355 1 4 1
2017958964 326 1 7 1
2017962529 356 1 3 0
2017970325 326 1 6 0
2017977233 251 1 8 1
2017984446 271 1 8 0
2017985777 266 1 8 1
2017992072 336 1 6 1
2018005671 255 1 8 0
2018005716 356 1 3 1
2018007351 250 1 8 0
2018015633 336 1 7 0
2018020102 251 1 8 0
2018024341 326 1 7 0
2018032894 326 1 6 1
2018039429 356 1 3 0
2018048224 326 1 7 1
2018049978 250 1 8 1
2018052850 266 1 8 0
2018053346 206 0 1 1
2018054953 271 1 8 1
2018064541 326 1 6 0
2018069589 251 1 8 1
2018070610 355 1 4 0
2018085485 206 0 1 0
2018096373 266 1 8 1
2018098210 266 1 8 0
2018098630 271 1 8 0
2018099277 266 1 8 1
2018102771 336 1 7 1
2018103854 251 1 8 0
2018109557 336 1 7 0
2018134014 266 1 8 0
2018135265 271 1 8 1
2018150922 251 1 8 1
2018171196 255 1 8 1
2018183710 251 1 8 0
2018184945 355 1 4 1
2018205370 271 1 8 0
2018217295 260 1 8 0
2018231149 326 1 7 0
2018235297 251 1 8 1
2018247626 295 1 5 0
2018253461 271 1 8 1
2018261330 251 1 8 0
2018278718 271 1 8 0
2018281028 326 1 7 1
2018308637 336 1 6 0
2018309401 251 1 8 1
2018309609 326 1 7 0
2018313269 260 1 8 1
2018314685 266 1 8 1
2018320699 250 1 8 0
2018330285 271 1 8 1
2018342982 295 1 3 0
2018343565 295 1 5 1
2018345394 266 1 8 0
2018349464 326 1 7 1
2018350928 355 1 3 0
2018352189 251 1 8 0
2018366261 295 1 3 1
2018367181 53 0 1 0
2018367819 209 0 1 0
2018384332 336 1 6 1
2018404138 271 1 8 0
2018404404 53 0 1 1
2018413855 355 1 3 1
2018420912 251 1 8 1
2018422225 295 1 3 0
2018425149 266 1 8 1
2018432049 250 1 8 1
2018446208 260 1 8 0
2018447180 53 0 1 0
2018447688 295 1 3 1
2018452689 326 1 7 0
2018461253 266 1 8 0
2018464869 251 1 8 0
2018473567 53 0 1 1
2018476455 295 1 5 0
2018480065 271 1 8 1
2018485598 209 0 1 1
2018508384 326 1 7 1
2018508463 260 1 8 1
2018513012 251 1 8 1
2018524558 271 1 8 0
2018534678 295 1 5 1
2018538890 347 1 3 1
2018543861 251 1 8 0
2018555337 271 1 8 1
2018555849 326 1 7 0
2018566052 206 0 1 1
2018573776 250 1 8 0
2018574472 336 1 6 0
2018580464 326 1 7 1
2018582775 345 1 1 1
2018593349 271 1 8 0
2018594195 355 1 3 0
2018599096 266 1 8 1
2018608836 250 1 8 1
2018609517 347 1 3 0
2018618226 209 0 1 0
2018619640 251 1 8 1
2018637315 336 1 6 1
2018637886 355 1 3 1
2018639476 271 1 8 1
2018640474 345 1 1 0
2018641296 266 1 8 0
2018654805 251 1 8 0
2018673655 336 1 6 0
2018681164 271 1 8 0
2018681360 251 1 8 1
2018685900 250 1 8 0
2018689553 209 0 1 1
2018694527 326 1 7 0
2018696091 266 1 8 1
2018706817 251 1 8 0
2018720162 326 1 7 1
2018723501 260 1 8 0
2018736323 271 1 8 1
2018740376 266 1 8 0
2018741639 295 1 3 0
2018741736 305 1 5 0
2018742216 250 1 8 1
2018767266 53 0 1 0
2018767444 260 1 8 1
2018772067 82 0 1 0
2018773486 295 1 3 1
2018779572 251 1 8 1
2018784482 255 1 8 0
2018785580 271 1 8 0
2018787191 305 1 5 1
2018789051 266 1 8 1
2018817522 82 0 1 1
2018834991 255 1 8 1
2018842984 251 1 8 0
2018850509 53 0 1 1
2018850512 266 1 8 0
2018868158 255 1 8 0
2018869834 271 1 8 1
2018872063 326 1 7 0
2018891510 250 1 8 0
2018898183 251 1 8 1
2018904438 326 1 7 1
2018909400 255 1 8 1
2018916784 271 1 8 0
2018921821 250 1 8 1
2018923313 295 1 3 0
2018929814 255 1 8 0
2018935099 266 1 8 1
2018939364 53 0 1 0
2018944028 251 1 8 0
2018946603 271 1 8 1
2018951716 295 1 3 1
2018952488 266 1 8 0
2018953677 355 1 4 0
2018968384 206 0 1 0
2018998040 271 1 8 0
2019008279 266 1 8 1
2019015187 326 1 7 0
2019025419 53 0 1 1
2019035360 266 1 8 0
2019049189 255 1 8 1
2019050707 271 1 8 1
2019054158 260 1 8 0
2019079688 355 1 4 1
2019083071 326 1 7 1
2019084489 305 1 5 0
2019097096 271 1 8 0
2019111311 266 1 8 1
2019114820 82 0 1 0
2019127043 326 1 7 0
2019149784 266 1 8 0
2019151609 260 1 8 1
2019156603 250 1 8 0
2019158739 271 1 8 1
2019181940 305 1 5 1
2019190574 295 1 3 0
2019195460 271 1 8 0
2019204659 266 1 8 1
2019207885 53 0 1 0
2019212271 82 0 1 1
2019259045 295 1 3 1
2019268602 355 1 3 0
2019271952 266 1 8 0
2019275014 250 1 8 1
2019287403 271 1 8 1
2019290281 209 0 1 0
2019298996 260 1 8 0
2019306077 355 1 3 1
2019329327 305 1 5 0
2019353172 271 1 8 0
2019359658 82 0 1 0
2019361020 209 0 1 1
2019362847 260 1 8 1
2019388671 271 1 8 1
2019389600 250 1 8 0
2019393178 305 1 5 1
2019415363 266 1 8 1
2019423240 271 1 8 0
2019423509 82 0 1 1
2019439303 295 1 3 0
2019463156 266 1 8 0
2019467131 250 1 8 1
2019478151 271 1 8 1
2019487362 295 1 3 1
2019494976 260 1 8 0
2019499762 206 0 1 1
2019525307 305 1 5 0
2019542465 255 1 8 0
2019542936 271 1 8 0
2019543959 260 1 8 1
2019550275 266 1 8 1
2019555638 82 0 1 0
2019574290 305 1 5 1
2019578272 266 1 8 0
2019603071 271 1 8 1
2019604621 82 0 1 1
2019616994 250 1 8 0
2019623784 355 1 4 0
2019638429 355 1 3 0
2019638743 206 0 1 0
2019640012 53 0 1 1
2019643864 255 1 8 1
2019648200 271 1 8 0
2019661325 250 1 8 1
2019661536 209 0 1 0
2019671591 355 1 4 1
2019674422 255 1 8 0
2019691780 355 1 3 1
2019704921 355 1 4 0
2019748995 271 1 8 1
2019791361 255 1 8 1
2019798004 355 1 4 1
2019803702 260 1 8 0
2019820593 295 1 5 0
2019823476 271 1 8 0
2019869471 271 1 8 1
2019894828 271 1 8 0
2019896449 260 1 8 1
2019904614 250 1 8 0
2019910509 209 0 1 1
2019926780 295 1 5 1
2019955533 295 1 3 0
2019961435 271 1 8 1
2019968645 355 1 3 0
2019970072 53 0 1 0
2019979232 295 1 3 1
2019984864 209 0 1 0
2019995168 271 1 8 0
2020016502 260 1 8 0
2020021744 355 1 3 1
2020033032 250 1 8 1
2020046833 295 1 5 0
2020078253 260 1 8 1
2020108584 295 1 5 1
2020113690 250 1 8 0
2020118029 53 0 1 1
2020133005 295 1 3 0
2020145965 355 1 3 0
2020148132 53 0 1 0
2020158468 295 1 3 1
2020172793 250 1 8 1
2020178238 260 1 8 0
2020200912 355 1 3 1
2020208569 295 1 5 0
2020226717 260 1 8 1
2020231559 255 1 8 0
2020237083 53 0 1 1
2020256117 206 0 1 1
2020257048 295 1 5 1
2020288686 355 1 4 0
2020304653 206 0 1 0
2020313705 255 1 8 1
2020328138 250 1 8 0
2020337753 355 1 4 1
2020363938 255 1 8 0
2020369273 295 1 3 0
2020369469 250 1 8 1
2020382720 53 0 1 0
2020393812 295 1 3 1
2020398805 355 1 4 0
2020453073 255 1 8 1
2020472652 355 1 4 1
2020477716 255 1 8 0
2020487246 53 0 1 1
2020511040 255 1 8 1
2020511954 209 0 1 1
2020527942 260 1 8 0
2020558273 295 1 5 0
2020597501 305 1 5 0
2020598940 295 1 5 1
2020619093 260 1 8 1
2020627832 82 0 1 0
2020637484 250 1 8 0
2020649004 305 1 5 1
2020660843 355 1 3 0
2020679335 82 0 1 1
2020679498 209 0 1 0
2020712262 355 1 3 1
2020718615 295 1 3 0
2020733238 53 0 1 0
2020757015 250 1 8 1
2020760386 260 1 8 0
2020779358 295 1 3 1
2020790717 305 1 5 0
2020821048 82 0 1 0
2020824237 260 1 8 1
2020849698 250 1 8 0
2020854568 305 1 5 1
2020867613 209 0 1 1
2020884899 82 0 1 1
2020886513 295 1 3 0
2020895719 206 0 1 1
2020916385 250 1 8 1
2020929902 260 1 8 0
2020945660 295 1 3 1
2020960233 305 1 5 0
2020980901 260 1 8 1
2020990564 82 0 1 0
2020994438 255 1 8 0
2021011232 305 1 5 1
2021041563 82 0 1 1
2021086093 255 1 8 1
2021087937 355 1 4 0
2021099536 206 0 1 0
2021101178 250 1 8 0
2021120036 355 1 4 1
2021141709 355 1 3 0
2021141748 250 1 8 1
2021146922 255 1 8 0
2021156416 209 0 1 0
2021171624 355 1 3 1
2021178009 355 1 4 0
2021198973 53 0 1 1
2021237149 255 1 8 1
2021265884 355 1 4 1
2021266726 255 1 8 0
2021297225 355 1 4 0
2021300001 255 1 8 1
2021307654 260 1 8 0
2021317570 345 1 1 1
2021323192 355 1 4 1
2021337985 305 1 5 0
2021338198 345 1 1 0
2021341482 209 0 1 1
2021368316 82 0 1 0
2021401997 260 1 8 1
2021421061 250 1 8 0
2021428296 305 1 5 1
2021454832 295 1 3 0
2021458627 82 0 1 1
2021473487 53 0 1 0
2021509312 355 1 3 0
2021513223 295 1 3 1
2021525699 209 0 1 0
2021538300 250 1 8 1
2021544041 260 1 8 0
2021567451 355 1 3 1
2021570424 295 1 5 0
2021609824 260 1 8 1
2021624663 250 1 8 0
2021640071 295 1 5 1
2021673490 295 1 3 0
2021687022 355 1 3 0
2021691368 250 1 8 1
2021691849 260 1 8 0
2021698869 295 1 3 1
2021721725 355 1 3 1
2021722096 295 1 5 0
2021741336 260 1 8 1
2021743537 255 1 8 0
2021771583 295 1 5 1
2021825780 355 1 4 0
2021834473 255 1 8 1
2021838761 250 1 8 0
2021841014 53 0 1 1
2021865859 355 1 4 1
2021869900 355 1 3 0
2021876048 250 1 8 1
2021877589 255 1 8 0
2021892927 355 1 3 1
2021912045 345 1 1 1
2021912120 355 1 4 0
2021933170 345 1 1 0
2021936652 255 1 8 1
2021960935 355 1 4 1
2021966785 255 1 8 0
2022001736 355 1 4 0
2022029438 255 1 8 1
2022041059 355 1 4 1
2022046075 260 1 8 0
2022050507 209 0 1 1
2022076322 295 1 5 0
2022140656 260 1 8 1
2022141021 250 1 8 0
2022172584 295 1 3 0
2022187232 355 1 3 0
2022187627 53 0 1 0
2022197291 295 1 3 1
2022203283 209 0 1 0
2022242263 355 1 3 1
2022249220 295 1 3 0
2022260244 250 1 8 1
2022260525 260 1 8 0
2022274095 295 1 3 1
2022326896 260 1 8 1
2022333948 305 1 5 0
2022334653 250 1 8 0
2022355176 355 1 3 0
2022363863 305 1 5 1
2022364279 82 0 1 0
2022402609 250 1 8 1
2022405399 53 0 1 1
2022407603 355 1 3 1
2022409103 345 1 1 1
2022409276 295 1 3 0
2022412469 260 1 8 0
2022419934 82 0 1 1
2022426335 53 0 1 0
2022430334 345 1 1 0
2022432639 295 1 3 1
2022438184 260 1 8 1
2022443052 305 1 5 0
2022458851 82 0 1 0
2022464038 260 1 8 0
2022468431 305 1 5 1
2022487190 255 1 8 0
2022488405 260 1 8 1
2022494453 305 1 5 0
2022515170 53 0 1 1
2022518656 305 1 5 1
2022546669 355 1 4 0
2022584893 255 1 8 1
2022593201 250 1 8 0
2022606404 355 1 4 1
2022624344 295 1 3 0
2022628352 250 1 8 1
2022631861 255 1 8 0
2022638538 82 0 1 1
2022639471 53 0 1 0
2022655808 355 1 4 0
2022658123 295 1 3 1
2022662925 209 0 1 1
2022752916 255 1 8 1
2022764574 260 1 8 0
2022779053 53 0 1 1
2022795913 305 1 5 0
2022811712 82 0 1 0
2022859505 260 1 8 1
2022859709 250 1 8 0
2022889500 305 1 5 1
2022892828 295 1 3 0
2022907955 53 0 1 0
2022924757 345 1 1 1
2022945851 345 1 1 0
2022955503 295 1 3 1
2022960504 355 1 3 0
2022963196 250 1 8 1
2022975043 209 0 1 0
2022990671 355 1 3 1
2022998042 260 1 8 0
2023028877 305 1 5 0
2023058317 250 1 8 0
2023065421 260 1 8 1
2023091560 295 1 3 0
2023095500 305 1 5 1
2023107119 209 0 1 1
2023139816 250 1 8 1
2023148726 260 1 8 0
2023150623 295 1 3 1
2023179309 305 1 5 0
2023198392 260 1 8 1
2023202504 305 1 5 1
2023202690 255 1 8 0
2023303417 255 1 8 1
2023308492 250 1 8 0
2023320191 355 1 3 0
2023335066 209 0 1 0
2023346380 250 1 8 1
2023347658 255 1 8 0
2023375978 355 1 3 1
2023392450 345 1 1 1
2023404249 53 0 1 1
2023413670 345 1 1 0
2023422345 255 1 8 1
2023436953 255 1 8 0
2023475975 82 0 1 1
2023483332 255 1 8 1
2023488221 260 1 8 0
2023576964 209 0 1 1
2023584496 260 1 8 1
2023586895 250 1 8 0
2023629550 295 1 3 0
2023644761 53 0 1 0
2023645006 355 1 3 0
2023655685 295 1 3 1
2023659881 209 0 1 0
2023686502 250 1 8 1
2023687127 260 1 8 0
2023705833 355 1 3 1
2023754709 260 1 8 1
2023756666 250 1 8 0
2023790921 295 1 3 0
2023809181 355 1 3 0
2023815964 295 1 3 1
2023837253 345 1 1 1
2023838233 250 1 8 1
2023842391 260 1 8 0
2023856678 305 1 5 0
2023858366 345 1 1 0
2023864128 355 1 3 1
2023867014 260 1 8 1
2023872477 82 0 1 0
2023889170 260 1 8 0
2023913793 260 1 8 1
2023914845 255 1 8 0
2023931533 305 1 5 1
2024015945 250 1 8 0
2024017420 255 1 8 1
2024044408 295 1 3 0
2024052338 250 1 8 1
2024052673 255 1 8 0
2024068527 295 1 3 1
2024143364 82 0 1 1
2024178401 260 1 8 0
2024218308 305 1 5 0
2024234107 82 0 1 0
2024272441 345 1 1 1
2024275684 260 1 8 1
2024277104 250 1 8 0
2024293759 345 1 1 0
2024295151 355 1 3 0
2024302351 250 1 8 1
2024303831 305 1 5 1
2024324522 250 1 8 0
2024332290 355 1 3 1
2024370865 295 1 3 0
2024397624 250 1 8 1
2024400494 260 1 8 0
2024424300 295 1 3 1
2024431917 305 1 5 0
2024437372 255 1 8 1
2024466277 260 1 8 1
2024471296 250 1 8 0
2024491232 305 1 5 1
2024505207 295 1 3 0
2024553841 250 1 8 1
2024557543 355 1 3 0
2024557898 260 1 8 0
2024572754 295 1 3 1
2024584350 355 1 3 1
2024589153 305 1 5 0
2024592282 255 1 8 0
2024609401 260 1 8 1
2024636372 305 1 5 1
2024712290 250 1 8 0
2024730526 345 1 1 1
2024751745 345 1 1 0
2024758137 250 1 8 1
2024764509 295 1 3 0
2024788376 295 1 3 1
2024859336 260 1 8 0
2024911171 305 1 5 0
2024971260 260 1 8 1
2024971860 250 1 8 0
2024999298 305 1 5 1
2025002619 295 1 3 0
2025020011 355 1 3 0
2025039002 295 1 3 1
2025075468 250 1 8 1
2025085018 260 1 8 0
2025095034 355 1 3 1
2025123077 305 1 5 0
2025150381 260 1 8 1
2025154316 250 1 8 0
2025180124 305 1 5 1
2025184736 345 1 1 1
2025186887 295 1 3 0
2025204571 355 1 3 0
2025206228 345 1 1 0
2025212098 295 1 3 1
2025212614 250 1 8 1
2025237663 250 1 8 0
2025242382 355 1 3 1
2025260936 250 1 8 1
2025262707 260 1 8 0
2025268318 355 1 3 0
2025291093 355 1 3 1
2025293710 305 1 5 0
2025315722 260 1 8 1
2025336765 250 1 8 0
2025341433 305 1 5 1
2025372240 295 1 3 0
2025385688 250 1 8 1
2025393464 355 1 3 0
2025396695 295 1 3 1
2025400129 260 1 8 0
2025415819 355 1 3 1
2025431132 305 1 5 0
2025512868 260 1 8 1
2025525378 250 1 8 0
2025533203 305 1 5 1
2025556029 355 1 3 0
2025588968 355 1 3 1
2025591789 295 1 3 0
2025615992 295 1 3 1
2025618861 355 1 3 0
2025627681 250 1 8 1
2025637931 260 1 8 0
2025651166 345 1 1 1
2025656168 355 1 3 1
2025668514 305 1 5 0
2025672598 345 1 1 0
2025679774 260 1 8 1
2025704197 260 1 8 0
2025709769 305 1 5 1
2025727980 260 1 8 1
2025728317 250 1 8 0
2025734612 305 1 5 0
2025757956 295 1 3 0
2025758143 305 1 5 1
2025812064 250 1 8 1
2025818753 260 1 8 0
2025840539 295 1 3 1
2025850512 305 1 5 0
2025872692 260 1 8 1
2025878177 250 1 8 0
2025902603 305 1 5 1
2025908824 295 1 3 0
2025927133 250 1 8 1
2025931525 260 1 8 0
2025944619 295 1 3 1
2025963116 305 1 5 0
2026044348 260 1 8 1
2026053170 250 1 8 0
2026073689 355 1 3 0
2026076972 345 1 1 1
2026085817 295 1 3 0
2026098378 345 1 1 0
2026102512 355 1 3 1
2026105215 250 1 8 1
2026129729 250 1 8 0
2026176443 305 1 5 1
2026179080 250 1 8 1
2026183013 260 1 8 0
2026194864 305 1 5 0
2026248911 260 1 8 1
2026255136 250 1 8 0
2026266319 355 1 3 0
2026338830 250 1 8 1
2026344797 260 1 8 0
2026398904 260 1 8 1
2026403101 250 1 8 0
2026452120 250 1 8 1
2026455645 260 1 8 0
2026471865 345 1 1 1
2026493446 345 1 1 0
2026500260 260 1 8 1
2026525217 260 1 8 0
2026593100 260 1 8 1
2026598157 250 1 8 0
2026698588 250 1 8 1
2026707089 260 1 8 0
2026772081 260 1 8 1
2026777717 250 1 8 0
2026851721 345 1 1 1
2026861420 250 1 8 1
2026872958 345 1 1 0
2026886153 260 1 8 0
2026941689 260 1 8 1
2026944309 250 1 8 0
2026988853 260 1 8 0
2026994800 250 1 8 1
2027116601 250 1 8 0
2027227248 250 1 8 1
2027273399 345 1 1 1
2027294639 345 1 1 0
2027313046 250 1 8 0
2027401469 250 1 8 1
2027454582 250 1 8 0
2027510089 250 1 8 1
2027536314 250 1 8 0
2027757610 345 1 1 1
2027778310 345 1 1 0
