2002751291 256 1 8 1
2002779335 256 1 8 0
2003830571 345 1 1 1
2003853305 345 1 1 0
2004655600 345 1 1 1
2004705689 345 1 1 0
2004859770 345 1 1 1
2004880681 345 1 1 0
2004972109 345 1 1 1
2005026621 345 1 1 0
2005087857 345 1 1 1
2005136138 345 1 1 0
2005169525 345 1 1 1
2005201671 345 1 1 0
2005279803 266 1 8 1
2005298050 345 1 1 1
2005316646 266 1 8 0
2005331003 345 1 1 0
2005351929 266 1 8 1
2005387912 266 1 8 0
2005394999 271 1 8 1
2005430339 266 1 8 1
2005437851 345 1 1 1
2005456768 266 1 8 0
2005476155 271 1 8 0
2005507669 271 1 8 1
2005525455 345 1 1 0
2005532268 266 1 8 1
2005546275 271 1 8 0
2005563426 266 1 8 0
2005569425 345 1 1 1
2005596314 271 1 8 1
2005636754 271 1 8 0
2005636923 345 1 1 0
2005668779 271 1 8 1
2005683560 271 1 8 0
2005691994 345 1 1 1
2005697196 345 1 1 0
2005971994 345 1 1 1
2006012236 345 1 1 0
2006048484 255 1 8 1
2006099013 255 1 8 0
2006237755 345 1 1 1
2006237878 271 1 8 1
2006260549 271 1 8 0
2006271943 345 1 1 0
2006321945 250 1 8 1
2006323614 345 1 1 1
2006357722 345 1 1 0
2006397533 250 1 8 0
2006403737 345 1 1 1
2006425478 250 1 8 1
2006444963 345 1 1 0
2006456178 347 1 3 1
2006473619 345 1 1 1
2006475352 250 1 8 0
2006481245 347 1 3 0
2006530485 251 1 8 1
2006533061 250 1 8 1
2006538866 345 1 1 0
2006555205 251 1 8 0
2006564948 250 1 8 0
2006578869 345 1 1 1
2006599508 250 1 8 1
2006606340 345 1 1 0
2006619049 250 1 8 0
2006699077 345 1 1 1
2006728172 345 1 1 0
2006898289 345 1 1 1
2006923313 345 1 1 0
2007090972 345 1 1 1
2007130183 345 1 1 0
2007135329 347 1 3 1
2007159464 345 1 1 1
2007167593 347 1 3 0
2007187003 266 1 8 1
2007191944 347 1 3 1
2007199590 345 1 1 0
2007222136 345 1 1 1
2007233718 347 1 3 0
2007273863 345 1 1 0
2007285387 266 1 8 0
2007321516 266 1 8 1
2007324203 345 1 1 1
2007356714 266 1 8 0
2007374820 345 1 1 0
2007403979 266 1 8 1
2007408676 345 1 1 1
2007428364 347 1 3 1
2007429432 266 1 8 0
2007443447 347 1 3 0
2007470705 345 1 1 0
2007481664 266 1 8 1
2007496864 347 1 3 1
2007510011 345 1 1 1
2007510229 266 1 8 0
2007543844 347 1 3 0
2007590158 347 1 3 1
2007596341 345 1 1 0
2007596849 266 1 8 1
2007618372 345 1 1 1
2007624958 347 1 3 0
2007628349 266 1 8 0
2007676919 345 1 1 0
2007679742 251 1 8 1
2007727231 251 1 8 0
2007735191 266 1 8 1
2007787691 266 1 8 0
2007798581 347 1 3 1
2007821201 347 1 3 0
2007880105 345 1 1 1
2007900626 347 1 3 1
2007949032 347 1 3 0
2007957764 266 1 8 1
2007977360 347 1 3 1
2007984944 345 1 1 0
2007987569 266 1 8 0
2008010626 345 1 1 1
2008031924 266 1 8 1
2008037070 347 1 3 0
2008062289 266 1 8 0
2008068347 347 1 3 1
2008071517 347 1 3 0
2008072382 347 1 3 1
2008094324 347 1 3 0
2008114408 345 1 1 0
2008143205 266 1 8 1
2008146659 251 1 8 1
2008152784 266 1 8 0
2008176056 256 1 8 1
2008176201 251 1 8 0
2008178476 347 1 3 1
2008195159 345 1 1 1
2008201563 347 1 3 0
2008203732 256 1 8 0
2008251389 347 1 3 1
2008267916 251 1 8 1
2008282513 266 1 8 1
2008297354 347 1 3 0
2008306666 266 1 8 0
2008324320 251 1 8 0
2008329039 345 1 1 0
2008358384 266 1 8 1
2008388019 345 1 1 1
2008392012 347 1 3 1
2008399270 266 1 8 0
2008420405 347 1 3 0
2008448025 345 1 1 0
2008484920 266 1 8 1
2008505867 266 1 8 0
2008577097 345 1 1 1
2008637248 345 1 1 0
2008690691 347 1 3 1
2008707571 345 1 1 1
2008760164 347 1 3 0
2008786249 347 1 3 1
2008786335 347 1 3 0
2008786852 347 1 3 1
2008807795 266 1 8 1
2008810620 347 1 3 0
2008823941 345 1 1 0
2008867846 266 1 8 0
2008979765 251 1 8 1
2008984950 345 1 1 1
2008993187 347 1 3 1
2009006018 251 1 8 0
2009050101 347 1 3 0
2009079516 347 1 3 1
2009087640 345 1 1 0
2009108153 345 1 1 1
2009152175 251 1 8 1
2009155630 347 1 3 0
2009194756 345 1 1 0
2009224794 251 1 8 0
2009261489 266 1 8 1
2009288044 266 1 8 0
2009328510 345 1 1 1
2009332420 266 1 8 1
2009350160 266 1 8 0
2009367811 347 1 3 1
2009369782 345 1 1 0
2009394454 347 1 3 0
2009395689 345 1 1 1
2009446147 345 1 1 0
2009447595 347 1 3 1
2009474455 345 1 1 1
2009494934 347 1 3 0
2009517893 347 1 3 1
2009561243 347 1 3 0
2009580651 345 1 1 0
2009584003 251 1 8 1
2009630271 345 1 1 1
2009659946 345 1 1 0
2009677126 251 1 8 0
2009808447 347 1 3 1
2009824626 345 1 1 1
2009830538 347 1 3 0
2009869993 345 1 1 0
2009874564 251 1 8 1
2009909459 251 1 8 0
2010044682 345 1 1 1
2010074453 251 1 8 1
2010075649 345 1 1 0
2010119007 251 1 8 0
2010275306 347 1 3 1
2010316110 347 1 3 0
2010319613 345 1 1 1
2010349606 345 1 1 0
2010593704 345 1 1 1
2010659193 345 1 1 0
